timestamp,sinr,usedRB,sumSinr,runNumber
3.006,35.3082,1,35.3082,21
3.011,39.0646,1,39.0646,21
3.02,35.3082,1,35.3082,21
3.105,35.3082,1,35.3082,21
3.111,35.3082,1,35.3082,21
3.116,41.3701,2,82.7402,21
3.125,35.3082,1,35.3082,21
3.131,33.8107,2,67.6213,21
3.136,39.0646,1,39.0646,21
3.236,43.8554,4,175.422,21
3.245,35.3082,1,35.3082,21
3.251,33.1911,77,2555.71,21
3.258,44.1065,3,132.32,21
3.349,35.3082,1,35.3082,21
3.355,32.9103,96,3159.39,21
3.356,32.9103,96,3159.39,21
3.357,32.9103,96,3159.39,21
3.358,33.5605,38,1275.3,21
3.363,44.1065,3,132.32,21
3.449,35.3082,1,35.3082,21
3.455,32.9103,96,3159.39,21
3.456,32.9103,96,3159.39,21
3.457,33.0254,55,1816.4,21
3.462,44.1065,3,132.32,21
3.549,35.3082,1,35.3082,21
3.555,32.9103,96,3159.39,21
3.556,33.6548,37,1245.23,21
3.561,44.1065,3,132.32,21
3.649,35.3082,1,35.3082,21
3.655,32.9103,96,3159.39,21
3.656,32.9103,96,3159.39,21
3.657,32.9103,96,3159.39,21
3.658,32.9103,96,3159.39,21
3.659,33.042,87,2874.65,21
3.664,44.1065,3,132.32,21
3.749,35.3082,1,35.3082,21
3.755,32.8569,51,1675.7,21
3.76,44.1065,3,132.32,21
3.849,35.3082,1,35.3082,21
3.855,33.141,80,2651.28,21
3.864,44.1065,3,132.32,21
3.949,35.3082,1,35.3082,21
3.955,33.0132,54,1782.72,21
3.963,44.1065,3,132.32,21
4.049,40.6524,1,40.6524,21
4.055,37.8447,99,3746.63,21
4.056,38.4087,14,537.721,21
4.061,50.0051,3,150.015,21
4.149,40.6524,1,40.6524,21
4.155,37.7405,100,3774.05,21
4.156,37.7405,100,3774.05,21
4.157,37.7405,100,3774.05,21
4.158,37.9767,77,2924.21,21
4.169,50.4538,3,151.361,21
4.249,40.6524,1,40.6524,21
4.255,37.7076,53,1998.5,21
4.26,48.8578,3,146.574,21
4.349,40.6524,1,40.6524,21
4.355,37.7405,100,3774.05,21
4.356,37.7405,100,3774.05,21
4.357,37.7405,100,3774.05,21
4.358,36.9047,6,221.428,21
4.364,48.8578,3,146.574,21
4.449,40.6524,1,40.6524,21
4.455,37.7405,100,3774.05,21
4.456,37.7405,100,3774.05,21
4.457,37.7405,100,3774.05,21
4.458,38.2531,64,2448.2,21
4.465,48.8578,3,146.574,21
4.549,40.6524,1,40.6524,21
4.555,37.7405,100,3774.05,21
4.556,37.7405,100,3774.05,21
4.557,37.7405,100,3774.05,21
4.558,38.1237,43,1639.32,21
4.564,48.8578,3,146.574,21
4.649,40.6524,1,40.6524,21
4.655,37.7405,100,3774.05,21
4.656,37.7405,100,3774.05,21
4.657,37.7405,100,3774.05,21
4.658,37.7405,100,3774.05,21
4.659,38.1244,71,2706.83,21
4.665,48.8578,3,146.574,21
4.749,40.6524,1,40.6524,21
4.755,37.7405,100,3774.05,21
4.756,37.7405,100,3774.05,21
4.757,37.7405,100,3774.05,21
4.758,37.7405,100,3774.05,21
4.759,38.1244,71,2706.83,21
4.773,48.8578,3,146.574,21
4.849,40.6524,1,40.6524,21
4.855,37.7405,100,3774.05,21
4.856,37.7405,100,3774.05,21
4.857,37.8753,20,757.505,21
4.865,48.8578,3,146.574,21
4.949,40.6524,1,40.6524,21
4.955,37.7405,100,3774.05,21
4.956,37.7405,100,3774.05,21
4.957,38.2982,24,919.158,21
4.964,48.8578,3,146.574,21
5.049,38.3306,1,38.3306,21
5.055,35.4237,97,3436.1,21
5.056,35.4237,97,3436.1,21
5.057,35.8765,69,2475.48,21
5.065,53.5054,3,160.516,21
5.149,38.3306,1,38.3306,21
5.16,56.0043,3,168.013,21
5.249,38.3306,1,38.3306,21
5.255,35.5612,99,3520.56,21
5.256,35.5612,99,3520.56,21
5.257,35.5612,99,3520.56,21
5.258,35.5612,99,3520.56,21
5.259,35.8266,75,2686.99,21
5.271,57.869,3,173.607,21
5.349,38.3306,1,38.3306,21
5.355,36.5444,16,584.71,21
5.361,57.869,3,173.607,21
5.449,38.3306,1,38.3306,21
5.455,36.3282,27,980.86,21
5.461,57.869,3,173.607,21
5.549,38.3306,1,38.3306,21
5.555,35.5612,99,3520.56,21
5.556,35.5612,99,3520.56,21
5.557,35.5612,99,3520.56,21
5.558,35.5612,99,3520.56,21
5.559,35.8266,75,2686.99,21
5.567,57.869,3,173.607,21
5.649,38.3306,1,38.3306,21
5.655,35.5612,99,3520.56,21
5.656,35.5612,99,3520.56,21
5.657,35.7638,21,751.039,21
5.663,57.869,3,173.607,21
5.749,38.3306,1,38.3306,21
5.755,35.8924,80,2871.39,21
5.762,57.869,3,173.607,21
5.849,38.3306,1,38.3306,21
5.855,35.5612,99,3520.56,21
5.856,35.5612,99,3520.56,21
5.857,35.5612,99,3520.56,21
5.858,35.9965,18,647.937,21
5.865,57.869,3,173.607,21
5.949,38.3306,1,38.3306,21
5.955,35.5612,99,3520.56,21
5.956,36.3541,32,1163.33,21
5.964,57.869,3,173.607,21
6.049,28.9186,1,28.9186,21
6.055,26.435,83,2194.1,21
6.056,26.435,83,2194.1,21
6.057,26.435,83,2194.1,21
6.058,26.435,83,2194.1,21
6.059,26.435,83,2194.1,21
6.06,26.7994,28,750.384,21
6.061,26.2735,83,2180.7,21
6.062,26.2735,83,2180.7,21
6.063,26.2735,83,2180.7,21
6.064,26.2735,83,2180.7,21
6.065,26.2735,83,2180.7,21
6.066,27.0193,28,756.54,21
6.081,45.099,3,135.297,21
6.149,28.9186,1,28.9186,21
6.155,27.8938,82,2287.29,21
6.156,27.8938,82,2287.29,21
6.157,27.8938,82,2287.29,21
6.158,27.8938,82,2287.29,21
6.159,27.8938,82,2287.29,21
6.16,28.1771,61,1718.8,21
6.165,48.9263,3,146.779,21
6.249,28.9186,1,28.9186,21
6.255,27.0909,12,325.091,21
6.261,48.4928,3,145.478,21
6.349,28.9186,1,28.9186,21
6.355,27.8938,82,2287.29,21
6.356,27.8938,82,2287.29,21
6.357,27.8938,82,2287.29,21
6.358,27.8938,82,2287.29,21
6.359,27.8938,82,2287.29,21
6.36,28.1771,61,1718.8,21
6.365,48.4928,3,145.478,21
6.449,28.9186,1,28.9186,21
6.455,27.8938,82,2287.29,21
6.456,27.8938,82,2287.29,21
6.457,27.3862,8,219.09,21
6.463,48.4928,3,145.478,21
6.549,28.9186,1,28.9186,21
6.555,27.8938,82,2287.29,21
6.556,27.8938,82,2287.29,21
6.557,27.8938,82,2287.29,21
6.558,27.8938,82,2287.29,21
6.559,27.8938,82,2287.29,21
6.56,28.1771,61,1718.8,21
6.565,48.4928,3,145.478,21
6.649,28.9186,1,28.9186,21
6.655,27.8938,82,2287.29,21
6.656,27.8938,82,2287.29,21
6.657,27.8938,82,2287.29,21
6.658,27.8938,82,2287.29,21
6.659,27.8938,82,2287.29,21
6.66,28.1771,61,1718.8,21
6.67,48.4928,3,145.478,21
6.749,28.9186,1,28.9186,21
6.755,27.8938,82,2287.29,21
6.756,27.8938,82,2287.29,21
6.757,27.8938,82,2287.29,21
6.758,27.8938,82,2287.29,21
6.759,27.8938,82,2287.29,21
6.76,28.1771,61,1718.8,21
6.775,48.4928,3,145.478,21
6.849,28.9186,1,28.9186,21
6.855,27.8938,82,2287.29,21
6.856,27.8938,82,2287.29,21
6.857,27.8938,82,2287.29,21
6.858,27.8938,82,2287.29,21
6.859,27.8938,82,2287.29,21
6.86,28.1771,61,1718.8,21
6.865,48.4928,3,145.478,21
6.949,28.9186,1,28.9186,21
6.955,28.1026,59,1658.05,21
6.962,48.4928,3,145.478,21
7.049,38.1976,1,38.1976,21
7.055,36.2085,26,941.421,21
7.061,33.2319,3,99.6956,21
7.149,38.1976,1,38.1976,21
7.155,35.4282,99,3507.39,21
7.156,35.4282,99,3507.39,21
7.157,35.804,22,787.688,21
7.164,34.7475,3,104.242,21
7.249,38.1976,1,38.1976,21
7.255,35.4282,99,3507.39,21
7.256,35.4282,99,3507.39,21
7.257,35.4282,99,3507.39,21
7.258,35.8635,18,645.542,21
7.266,36.4795,3,109.439,21
7.349,38.1976,1,38.1976,21
7.355,35.4282,99,3507.39,21
7.356,35.4282,99,3507.39,21
7.357,35.4282,99,3507.39,21
7.358,35.4282,99,3507.39,21
7.359,35.6936,75,2677.02,21
7.364,36.4795,3,109.439,21
7.449,38.1976,1,38.1976,21
7.455,38.1976,1,38.1976,21
7.46,36.4795,3,109.439,21
7.549,38.1976,1,38.1976,21
7.555,35.4282,99,3507.39,21
7.556,35.4282,99,3507.39,21
7.557,35.4282,99,3507.39,21
7.558,35.9338,47,1688.89,21
7.567,36.4795,3,109.439,21
7.649,38.1976,1,38.1976,21
7.655,35.4282,99,3507.39,21
7.656,36.4199,37,1347.53,21
7.672,36.4795,3,109.439,21
7.749,38.1976,1,38.1976,21
7.755,35.2472,19,669.696,21
7.76,36.4795,3,109.439,21
7.849,38.1976,1,38.1976,21
7.855,35.4282,99,3507.39,21
7.856,36.3792,36,1309.65,21
7.863,36.4795,3,109.439,21
7.949,38.1976,1,38.1976,21
7.955,35.4282,99,3507.39,21
7.956,35.4282,99,3507.39,21
7.957,35.4282,99,3507.39,21
7.958,35.4282,99,3507.39,21
7.959,36.3792,36,1309.65,21
7.964,36.4795,3,109.439,21
8.049,29.3562,1,29.3562,21
8.055,29.3217,95,2785.56,21
8.056,29.3217,95,2785.56,21
8.057,29.3217,95,2785.56,21
8.058,27.8541,5,139.271,21
8.061,29.5874,95,2810.8,21
8.062,29.5874,95,2810.8,21
8.063,29.5874,95,2810.8,21
8.069,29.5874,95,2810.8,21
8.074,44.391,3,133.173,21
8.149,32.3514,1,32.3514,21
8.155,30.4982,91,2775.33,21
8.156,30.4982,91,2775.33,21
8.157,30.4982,91,2775.33,21
8.158,30.4982,91,2775.33,21
8.159,30.5557,47,1436.12,21
8.165,46.1117,3,138.335,21
8.249,32.3514,1,32.3514,21
8.255,30.1884,15,452.826,21
8.261,44.7615,3,134.284,21
8.349,32.3514,1,32.3514,21
8.355,30.6789,60,1840.73,21
8.364,44.7615,3,134.284,21
8.449,32.3514,1,32.3514,21
8.455,30.6099,57,1744.76,21
8.462,44.7615,3,134.284,21
8.549,32.3514,1,32.3514,21
8.555,30.6424,58,1777.26,21
8.579,44.7615,3,134.284,21
8.649,32.3514,1,32.3514,21
8.655,30.7078,76,2333.79,21
8.66,44.7615,3,134.284,21
8.749,32.3514,1,32.3514,21
8.755,30.7821,73,2247.1,21
8.767,44.7615,3,134.284,21
8.849,32.3514,1,32.3514,21
8.855,30.4982,91,2775.33,21
8.856,30.4982,91,2775.33,21
8.857,30.4982,91,2775.33,21
8.858,30.4982,91,2775.33,21
8.859,30.7231,86,2642.19,21
8.864,44.7615,3,134.284,21
8.949,32.3514,1,32.3514,21
8.955,30.4982,91,2775.33,21
8.956,30.4982,91,2775.33,21
8.957,30.1672,19,573.177,21
8.961,29.6548,91,2698.58,21
8.968,44.7615,3,134.284,21
9.049,29.5146,1,29.5146,21
9.055,36.7176,32,1174.96,21
9.063,44.9135,3,134.741,21
9.149,38.908,1,38.908,21
9.155,35.9961,100,3599.61,21
9.156,35.9961,100,3599.61,21
9.157,35.9961,100,3599.61,21
9.158,36.9315,32,1181.81,21
9.168,42.3469,3,127.041,21
9.249,38.908,1,38.908,21
9.255,35.9961,100,3599.61,21
9.256,36.3392,67,2434.73,21
9.262,48.785,3,146.355,21
9.349,38.908,1,38.908,21
9.355,35.8555,5,179.277,21
9.364,48.785,3,146.355,21
9.449,38.908,1,38.908,21
9.455,36.213,76,2752.19,21
9.46,48.785,3,146.355,21
9.549,38.908,1,38.908,21
9.555,36.5144,22,803.317,21
9.565,48.785,3,146.355,21
9.649,38.908,1,38.908,21
9.655,36.2137,58,2100.39,21
9.661,48.785,3,146.355,21
9.749,38.908,1,38.908,21
9.755,35.9961,100,3599.61,21
9.756,35.9961,100,3599.61,21
9.757,35.9961,100,3599.61,21
9.758,35.9961,100,3599.61,21
9.759,36.38,71,2582.98,21
9.771,48.785,3,146.355,21
9.849,38.908,1,38.908,21
9.855,35.9961,100,3599.61,21
9.856,36.3793,43,1564.31,21
9.863,48.785,3,146.355,21
9.949,38.908,1,38.908,21
9.955,35.9961,100,3599.61,21
9.956,36.3793,43,1564.31,21
9.961,48.785,3,146.355,21
10.049,41.7203,1,41.7203,21
10.055,38.8336,98,3805.69,21
10.056,38.8336,98,3805.69,21
10.057,38.8336,98,3805.69,21
10.058,38.8336,98,3805.69,21
10.059,39.1408,79,3092.12,21
10.067,26.6715,3,80.0145,21
10.073,37.6416,3,112.925,21
10.149,41.7203,1,41.7203,21
10.155,39.0166,90,3511.5,21
10.161,37.0641,3,111.192,21
10.249,41.7203,1,41.7203,21
10.255,38.8084,100,3880.84,21
10.256,39.0789,88,3438.94,21
10.262,37.0641,3,111.192,21
10.349,41.7203,1,41.7203,21
10.355,38.8084,100,3880.84,21
10.356,38.8084,100,3880.84,21
10.357,38.8084,100,3880.84,21
10.358,38.8084,100,3880.84,21
10.359,39.1859,50,1959.29,21
10.365,37.0641,3,111.192,21
10.449,41.7203,1,41.7203,21
10.455,38.8084,100,3880.84,21
10.456,38.8084,100,3880.84,21
10.457,38.8084,100,3880.84,21
10.458,38.8084,100,3880.84,21
10.459,39.1923,71,2782.66,21
10.464,37.0641,3,111.192,21
10.549,41.7203,1,41.7203,21
10.555,38.6678,5,193.339,21
10.562,37.0641,3,111.192,21
10.649,41.7203,1,41.7203,21
10.655,39.1043,12,469.252,21
10.665,37.0641,3,111.192,21
10.749,41.7203,1,41.7203,21
10.755,39.0829,79,3087.55,21
10.762,37.0641,3,111.192,21
10.849,41.7203,1,41.7203,21
10.855,38.8084,100,3880.84,21
10.856,39.1211,10,391.211,21
10.863,37.0641,3,111.192,21
10.949,41.7203,1,41.7203,21
10.955,38.8084,100,3880.84,21
10.956,38.8084,100,3880.84,21
10.957,38.8084,100,3880.84,21
10.958,38.8084,100,3880.84,21
10.959,39.1923,71,2782.66,21
10.964,37.0641,3,111.192,21
11.049,39.6999,1,39.6999,21
11.055,36.8461,97,3574.07,21
11.056,36.8461,97,3574.07,21
11.057,36.8461,97,3574.07,21
11.058,36.8461,97,3574.07,21
11.059,37.0225,83,3072.87,21
11.064,45.1552,3,135.465,21
11.149,39.6999,1,39.6999,21
11.155,36.788,100,3678.8,21
11.156,36.788,100,3678.8,21
11.157,36.788,100,3678.8,21
11.158,37.0419,46,1703.93,21
11.163,39.6609,3,118.983,21
11.249,39.6999,1,39.6999,21
11.255,36.788,100,3678.8,21
11.256,36.788,100,3678.8,21
11.257,36.788,100,3678.8,21
11.258,36.788,100,3678.8,21
11.259,37.172,71,2639.21,21
11.265,43.5986,3,130.796,21
11.349,39.6999,1,39.6999,21
11.355,36.788,100,3678.8,21
11.356,36.788,100,3678.8,21
11.357,37.2941,9,335.647,21
11.362,43.5986,3,130.796,21
11.449,39.6999,1,39.6999,21
11.455,36.788,100,3678.8,21
11.456,36.788,100,3678.8,21
11.457,36.788,100,3678.8,21
11.458,36.788,100,3678.8,21
11.459,37.172,71,2639.21,21
11.465,43.5986,3,130.796,21
11.549,39.6999,1,39.6999,21
11.555,36.788,100,3678.8,21
11.556,37.0243,77,2850.87,21
11.563,43.5986,3,130.796,21
11.649,39.6999,1,39.6999,21
11.655,36.788,100,3678.8,21
11.656,36.788,100,3678.8,21
11.657,36.788,100,3678.8,21
11.658,36.788,100,3678.8,21
11.659,36.9274,7,258.492,21
11.665,43.5986,3,130.796,21
11.749,39.6999,1,39.6999,21
11.755,36.7551,53,1948.02,21
11.76,43.5986,3,130.796,21
11.849,39.6999,1,39.6999,21
11.855,37.3658,18,672.584,21
11.86,43.5986,3,130.796,21
11.949,39.6999,1,39.6999,21
11.955,36.788,100,3678.8,21
11.956,36.788,100,3678.8,21
11.957,36.788,100,3678.8,21
11.958,36.788,100,3678.8,21
11.959,37.172,71,2639.21,21
11.972,43.5986,3,130.796,21
12.049,29.8485,1,29.8485,21
12.055,27.4177,86,2357.92,21
12.056,27.4177,86,2357.92,21
12.057,27.4177,86,2357.92,21
12.058,27.4271,13,356.553,21
12.061,27.0974,86,2330.38,21
12.062,27.0974,86,2330.38,21
12.063,27.0974,86,2330.38,21
12.067,27.0974,86,2330.38,21
12.074,44.9248,3,134.774,21
12.149,29.8485,1,29.8485,21
12.155,28.7019,30,861.057,21
12.164,36.0212,3,108.064,21
12.249,29.8485,1,29.8485,21
12.255,28.7405,83,2385.46,21
12.256,28.7405,83,2385.46,21
12.257,28.7405,83,2385.46,21
12.258,28.7719,39,1122.1,21
12.263,43.913,3,131.739,21
12.349,29.8485,1,29.8485,21
12.355,28.8374,19,547.911,21
12.368,43.913,3,131.739,21
12.449,29.8485,1,29.8485,21
12.455,28.7405,83,2385.46,21
12.456,28.7405,83,2385.46,21
12.457,28.7405,83,2385.46,21
12.458,28.7405,83,2385.46,21
12.459,28.7405,83,2385.46,21
12.46,28.8186,56,1613.84,21
12.468,43.913,3,131.739,21
12.549,29.8485,1,29.8485,21
12.555,29.0383,65,1887.49,21
12.56,43.913,3,131.739,21
12.649,29.8485,1,29.8485,21
12.655,28.0208,12,336.249,21
12.662,43.913,3,131.739,21
12.749,29.8485,1,29.8485,21
12.755,28.7405,83,2385.46,21
12.756,28.7405,83,2385.46,21
12.757,27.9555,10,279.555,21
12.762,43.913,3,131.739,21
12.849,29.8485,1,29.8485,21
12.855,28.7405,83,2385.46,21
12.856,28.6128,44,1258.97,21
12.865,43.913,3,131.739,21
12.949,29.8485,1,29.8485,21
12.955,28.7405,83,2385.46,21
12.956,28.8933,53,1531.35,21
12.966,43.913,3,131.739,21
13.049,17.4944,1,17.4944,21
13.055,14.7216,70,1030.51,21
13.056,14.7216,70,1030.51,21
13.057,14.7216,70,1030.51,21
13.058,15.1414,22,333.112,21
13.061,14.9097,70,1043.68,21
13.062,14.9097,70,1043.68,21
13.063,14.9097,70,1043.68,21
13.064,15.1008,22,332.217,21
13.069,14.9097,70,1043.68,21
13.07,15.1008,22,332.217,21
13.083,43.9506,3,131.852,21
13.149,17.4944,1,17.4944,21
13.155,17.0892,73,1247.51,21
13.156,17.0892,73,1247.51,21
13.157,17.0892,73,1247.51,21
13.158,17.0892,73,1247.51,21
13.159,17.0892,73,1247.51,21
13.16,17.0892,73,1247.51,21
13.161,17.0892,73,1247.51,21
13.162,16.7761,26,436.18,21
13.166,15.0756,73,1100.52,21
13.171,36.4165,3,109.249,21
13.249,17.4944,1,17.4944,21
13.255,17.0892,73,1247.51,21
13.256,17.0892,73,1247.51,21
13.257,17.0892,73,1247.51,21
13.258,17.0892,73,1247.51,21
13.259,17.0892,73,1247.51,21
13.26,17.0892,73,1247.51,21
13.261,17.0892,73,1247.51,21
13.262,17.0892,73,1247.51,21
13.263,17.0892,73,1247.51,21
13.264,17.4944,1,17.4944,21
13.27,42.3266,3,126.98,21
13.349,17.4944,1,17.4944,21
13.355,17.0892,73,1247.51,21
13.356,17.0892,73,1247.51,21
13.357,17.0892,73,1247.51,21
13.358,17.0892,73,1247.51,21
13.359,17.0892,73,1247.51,21
13.36,17.0892,73,1247.51,21
13.361,17.0892,73,1247.51,21
13.362,17.0892,73,1247.51,21
13.363,17.0892,73,1247.51,21
13.364,17.4944,1,17.4944,21
13.371,42.3266,3,126.98,21
13.449,17.4944,1,17.4944,21
13.455,17.0892,73,1247.51,21
13.456,17.0892,73,1247.51,21
13.457,17.0892,73,1247.51,21
13.458,17.0892,73,1247.51,21
13.459,17.1318,53,907.984,21
13.464,42.3266,3,126.98,21
13.549,17.4944,1,17.4944,21
13.555,17.0892,73,1247.51,21
13.556,17.0892,73,1247.51,21
13.557,17.0892,73,1247.51,21
13.558,17.0892,73,1247.51,21
13.559,17.0892,73,1247.51,21
13.56,16.9732,24,407.357,21
13.561,15.0756,73,1100.52,21
13.569,42.3266,3,126.98,21
13.649,17.4944,1,17.4944,21
13.655,17.0892,73,1247.51,21
13.656,16.2614,12,195.137,21
13.661,42.3266,3,126.98,21
13.749,17.4944,1,17.4944,21
13.755,17.0892,73,1247.51,21
13.756,17.0892,73,1247.51,21
13.757,17.0892,73,1247.51,21
13.758,17.0892,73,1247.51,21
13.759,17.0892,73,1247.51,21
13.76,17.0892,73,1247.51,21
13.761,17.0892,73,1247.51,21
13.762,16.775,7,117.425,21
13.767,15.0756,73,1100.52,21
13.772,42.3266,3,126.98,21
13.849,17.4944,1,17.4944,21
13.855,17.0892,73,1247.51,21
13.856,17.0892,73,1247.51,21
13.857,17.251,59,1017.81,21
13.862,42.3266,3,126.98,21
13.949,17.4944,1,17.4944,21
13.955,17.0892,73,1247.51,21
13.956,16.0169,10,160.169,21
13.967,42.3266,3,126.98,21
14.049,17.2496,1,17.2496,21
14.055,14.0587,68,955.994,21
14.056,14.0587,68,955.994,21
14.057,15.7931,17,268.483,21
14.061,14.7096,68,1000.25,21
14.062,14.7096,68,1000.25,21
14.068,14.7096,68,1000.25,21
14.076,44.0817,3,132.245,21
14.149,17.2496,1,17.2496,21
14.155,16.9049,72,1217.15,21
14.156,16.9049,72,1217.15,21
14.157,16.9049,72,1217.15,21
14.158,16.9049,72,1217.15,21
14.159,16.9049,72,1217.15,21
14.16,16.9049,72,1217.15,21
14.161,16.9049,72,1217.15,21
14.162,16.9049,72,1217.15,21
14.163,16.0166,12,192.199,21
14.168,14.7697,72,1063.42,21
14.176,44.8729,3,134.619,21
14.249,17.2496,1,17.2496,21
14.255,16.9049,72,1217.15,21
14.256,16.9049,72,1217.15,21
14.257,16.9049,72,1217.15,21
14.258,16.9049,72,1217.15,21
14.259,16.9049,72,1217.15,21
14.26,15.752,2,31.504,21
14.262,14.7697,72,1063.42,21
14.264,14.7697,72,1063.42,21
14.274,49.4028,3,148.208,21
14.349,17.2496,1,17.2496,21
14.355,16.9049,72,1217.15,21
14.356,16.9049,72,1217.15,21
14.357,15.2108,3,45.6323,21
14.363,49.4028,3,148.208,21
14.449,17.2496,1,17.2496,21
14.455,16.9049,72,1217.15,21
14.456,16.4582,20,329.163,21
14.462,14.4724,20,289.449,21
14.467,49.4028,3,148.208,21
14.549,17.2496,1,17.2496,21
14.555,16.9049,72,1217.15,21
14.556,16.9049,72,1217.15,21
14.557,15.772,10,157.72,21
14.566,49.4028,3,148.208,21
14.649,17.2496,1,17.2496,21
14.655,16.9049,72,1217.15,21
14.656,16.9049,72,1217.15,21
14.657,16.9049,72,1217.15,21
14.658,16.9049,72,1217.15,21
14.659,16.9049,72,1217.15,21
14.66,16.9049,72,1217.15,21
14.661,16.9049,72,1217.15,21
14.662,16.9049,72,1217.15,21
14.663,16.9049,72,1217.15,21
14.664,14.7697,72,1063.42,21
14.665,15.772,10,157.72,21
14.671,49.4028,3,148.208,21
14.749,17.2496,1,17.2496,21
14.755,16.9049,72,1217.15,21
14.756,16.9049,72,1217.15,21
14.757,16.9049,72,1217.15,21
14.758,16.9049,72,1217.15,21
14.759,16.9049,72,1217.15,21
14.76,16.9049,72,1217.15,21
14.761,16.9049,72,1217.15,21
14.762,16.9049,72,1217.15,21
14.763,16.9049,72,1217.15,21
14.764,15.772,10,157.72,21
14.769,14.7697,72,1063.42,21
14.776,49.4028,3,148.208,21
14.849,17.2496,1,17.2496,21
14.855,16.9049,72,1217.15,21
14.856,16.9049,72,1217.15,21
14.857,16.9049,72,1217.15,21
14.858,16.9049,72,1217.15,21
14.859,16.9049,72,1217.15,21
14.86,16.9049,72,1217.15,21
14.861,16.9049,72,1217.15,21
14.862,16.0166,12,192.199,21
14.864,14.7697,72,1063.42,21
14.869,49.4028,3,148.208,21
14.949,17.2496,1,17.2496,21
14.955,16.7475,44,736.89,21
14.96,49.4028,3,148.208,21
15.049,16.9726,1,16.9726,21
15.055,14.2671,77,1098.57,21
15.056,14.2671,77,1098.57,21
15.057,14.2671,77,1098.57,21
15.058,14.2671,77,1098.57,21
15.059,14.2671,77,1098.57,21
15.06,14.2671,77,1098.57,21
15.061,14.2969,77,1100.86,21
15.062,14.2969,77,1100.86,21
15.063,14.2969,77,1100.86,21
15.064,14.2969,77,1100.86,21
15.065,14.2969,77,1100.86,21
15.066,14.2969,77,1100.86,21
15.067,14.2671,77,1098.57,21
15.068,14.4557,16,231.292,21
15.069,14.2969,77,1100.86,21
15.073,14.2969,77,1100.86,21
15.074,15.1863,16,242.981,21
15.075,14.2969,77,1100.86,21
15.08,36.6432,3,109.929,21
15.149,16.9726,1,16.9726,21
15.155,16.1707,79,1277.48,21
15.156,16.4457,51,838.729,21
15.162,33.8235,3,101.47,21
15.249,16.9726,1,16.9726,21
15.255,16.1707,79,1277.48,21
15.256,16.1707,79,1277.48,21
15.257,16.1707,79,1277.48,21
15.258,16.1707,79,1277.48,21
15.259,16.1707,79,1277.48,21
15.26,16.1707,79,1277.48,21
15.261,16.1707,79,1277.48,21
15.262,16.1707,79,1277.48,21
15.263,16.1707,79,1277.48,21
15.264,16.2534,42,682.641,21
15.266,14.3352,79,1132.48,21
15.267,14.3352,79,1132.48,21
15.268,14.3352,79,1132.48,21
15.272,14.3352,79,1132.48,21
15.278,40.7829,3,122.349,21
15.349,16.9726,1,16.9726,21
15.355,16.1707,79,1277.48,21
15.356,16.1707,79,1277.48,21
15.357,16.1707,79,1277.48,21
15.358,16.1707,79,1277.48,21
15.359,16.1707,79,1277.48,21
15.36,16.1707,79,1277.48,21
15.361,14.3352,79,1132.48,21
15.362,14.3352,79,1132.48,21
15.363,16.1707,79,1277.48,21
15.364,16.1707,79,1277.48,21
15.365,16.1707,79,1277.48,21
15.366,16.2617,44,715.517,21
15.377,40.7829,3,122.349,21
15.449,16.9726,1,16.9726,21
15.455,16.1707,79,1277.48,21
15.456,16.2764,31,504.568,21
15.461,40.7829,3,122.349,21
15.549,16.9726,1,16.9726,21
15.555,16.1707,79,1277.48,21
15.556,16.1707,79,1277.48,21
15.557,16.3186,54,881.206,21
15.561,14.3352,79,1132.48,21
15.567,14.3352,79,1132.48,21
15.578,40.7829,3,122.349,21
15.649,16.9726,1,16.9726,21
15.655,16.1707,79,1277.48,21
15.656,16.1707,79,1277.48,21
15.657,16.1707,79,1277.48,21
15.658,16.1707,79,1277.48,21
15.659,16.1707,79,1277.48,21
15.66,16.1707,79,1277.48,21
15.661,16.1707,79,1277.48,21
15.662,16.1707,79,1277.48,21
15.663,16.9726,1,16.9726,21
15.668,14.3352,79,1132.48,21
15.674,40.7829,3,122.349,21
15.749,16.9726,1,16.9726,21
15.755,16.1707,79,1277.48,21
15.756,16.1707,79,1277.48,21
15.757,16.1707,79,1277.48,21
15.758,16.4444,59,970.22,21
15.761,14.3352,79,1132.48,21
15.769,40.7829,3,122.349,21
15.849,16.9726,1,16.9726,21
15.855,16.1707,79,1277.48,21
15.856,15.9669,39,622.708,21
15.864,40.7829,3,122.349,21
15.949,16.9726,1,16.9726,21
15.955,16.1707,79,1277.48,21
15.956,16.1707,79,1277.48,21
15.957,16.1707,79,1277.48,21
15.958,15.9669,39,622.708,21
15.962,14.3352,79,1132.48,21
15.975,40.7829,3,122.349,21
16.049,25.9785,1,25.9785,21
16.055,23.0258,88,2026.27,21
16.056,23.0258,88,2026.27,21
16.057,23.0258,88,2026.27,21
16.058,23.0258,88,2026.27,21
16.059,23.0258,88,2026.27,21
16.06,23.0258,88,2026.27,21
16.061,23.337,88,2053.66,21
16.062,23.337,88,2053.66,21
16.063,23.337,88,2053.66,21
16.064,23.337,88,2053.66,21
16.065,23.337,88,2053.66,21
16.066,23.337,88,2053.66,21
16.067,23.6111,12,283.333,21
16.072,47.3568,3,142.07,21
16.149,25.9785,1,25.9785,21
16.155,25.0011,81,2025.09,21
16.16,50.2553,3,150.766,21
16.249,25.9785,1,25.9785,21
16.255,24.8705,83,2064.25,21
16.256,24.8705,83,2064.25,21
16.257,24.8705,83,2064.25,21
16.258,24.8705,83,2064.25,21
16.259,24.8705,83,2064.25,21
16.26,24.8705,83,2064.25,21
16.261,24.7885,42,1041.12,21
16.268,50.3476,3,151.043,21
16.349,25.9785,1,25.9785,21
16.355,24.8705,83,2064.25,21
16.356,24.8705,83,2064.25,21
16.357,25.1209,66,1657.98,21
16.368,50.3476,3,151.043,21
16.449,25.9785,1,25.9785,21
16.455,24.9729,57,1423.46,21
16.461,50.3476,3,151.043,21
16.549,25.9785,1,25.9785,21
16.555,24.8705,83,2064.25,21
16.556,24.8705,83,2064.25,21
16.557,24.8705,83,2064.25,21
16.558,24.8705,83,2064.25,21
16.559,24.9052,35,871.682,21
16.564,50.3476,3,151.043,21
16.649,25.9785,1,25.9785,21
16.655,24.8705,83,2064.25,21
16.656,24.8705,83,2064.25,21
16.657,24.8705,83,2064.25,21
16.658,24.8705,83,2064.25,21
16.659,24.8705,83,2064.25,21
16.66,24.8705,83,2064.25,21
16.661,24.7885,42,1041.12,21
16.67,50.3476,3,151.043,21
16.749,25.9785,1,25.9785,21
16.755,24.8705,83,2064.25,21
16.756,24.8705,83,2064.25,21
16.757,24.9266,41,1021.99,21
16.767,50.3476,3,151.043,21
16.849,25.9785,1,25.9785,21
16.855,24.9052,35,871.682,21
16.86,50.3476,3,151.043,21
16.949,25.9785,1,25.9785,21
16.955,24.8705,83,2064.25,21
16.956,25.0745,61,1529.55,21
16.964,50.3476,3,151.043,21
17.049,30.0348,1,30.0348,21
17.055,27.0659,88,2381.8,21
17.056,27.0659,88,2381.8,21
17.057,27.377,76,2080.65,21
17.061,27.3934,88,2410.62,21
17.062,27.3934,88,2410.62,21
17.063,27.3399,76,2077.83,21
17.067,27.3934,88,2410.62,21
17.068,27.3934,88,2410.62,21
17.076,33.8674,3,101.602,21
17.149,30.0348,1,30.0348,21
17.155,28.9268,83,2400.93,21
17.156,28.9268,83,2400.93,21
17.157,28.9268,83,2400.93,21
17.158,28.9268,83,2400.93,21
17.159,29.108,76,2212.21,21
17.165,38.5029,3,115.509,21
17.249,30.0348,1,30.0348,21
17.255,28.9268,83,2400.93,21
17.256,28.9268,83,2400.93,21
17.257,28.9268,83,2400.93,21
17.258,28.9268,83,2400.93,21
17.259,28.9268,83,2400.93,21
17.26,29.0734,31,901.277,21
17.265,36.8985,3,110.695,21
17.349,30.0348,1,30.0348,21
17.355,28.9268,83,2400.93,21
17.356,28.9268,83,2400.93,21
17.357,28.9268,83,2400.93,21
17.358,27.4163,5,137.081,21
17.363,36.8985,3,110.695,21
17.449,30.0348,1,30.0348,21
17.455,28.9268,83,2400.93,21
17.456,28.9268,83,2400.93,21
17.457,28.3658,6,170.195,21
17.467,36.8985,3,110.695,21
17.549,30.0348,1,30.0348,21
17.555,28.9268,83,2400.93,21
17.556,28.3658,6,170.195,21
17.568,36.8985,3,110.695,21
17.649,30.0348,1,30.0348,21
17.655,28.9268,83,2400.93,21
17.656,28.9268,83,2400.93,21
17.657,28.9268,83,2400.93,21
17.658,28.9268,83,2400.93,21
17.659,28.9268,83,2400.93,21
17.66,29.0049,56,1624.27,21
17.665,36.8985,3,110.695,21
17.749,30.0348,1,30.0348,21
17.755,28.9268,83,2400.93,21
17.756,28.9268,83,2400.93,21
17.757,28.9268,83,2400.93,21
17.758,28.9268,83,2400.93,21
17.759,29.0293,57,1654.67,21
17.764,36.8985,3,110.695,21
17.849,30.0348,1,30.0348,21
17.855,28.9268,83,2400.93,21
17.856,28.9268,83,2400.93,21
17.857,28.9268,83,2400.93,21
17.858,28.9268,83,2400.93,21
17.859,29.0049,56,1624.27,21
17.865,36.8985,3,110.695,21
17.949,30.0348,1,30.0348,21
17.955,28.9268,83,2400.93,21
17.956,27.9961,3,83.9882,21
17.961,36.8985,3,110.695,21
18.049,17.9829,1,17.9829,21
18.055,17.6812,73,1290.73,21
18.056,17.6812,73,1290.73,21
18.057,17.6812,73,1290.73,21
18.058,17.6812,73,1290.73,21
18.059,17.654,42,741.467,21
18.061,18.5592,73,1354.82,21
18.062,18.5592,73,1354.82,21
18.063,18.5592,73,1354.82,21
18.064,18.5592,73,1354.82,21
18.065,18.3455,42,770.511,21
18.069,18.5592,73,1354.82,21
18.085,39.6385,3,118.915,21
18.149,20.9781,1,20.9781,21
18.155,20.3815,76,1548.99,21
18.156,19.9724,39,778.923,21
18.162,33.7904,3,101.371,21
18.168,45.2204,3,135.661,21
18.249,20.9781,1,20.9781,21
18.255,20.3815,76,1548.99,21
18.256,20.3815,76,1548.99,21
18.257,20.5503,59,1212.47,21
18.261,18.2831,76,1389.52,21
18.268,45.2204,3,135.661,21
18.349,20.9781,1,20.9781,21
18.355,20.4624,71,1452.83,21
18.362,45.2204,3,135.661,21
18.449,20.9781,1,20.9781,21
18.455,20.3815,76,1548.99,21
18.456,20.3815,76,1548.99,21
18.457,20.3815,76,1548.99,21
18.458,20.3815,76,1548.99,21
18.459,20.3815,76,1548.99,21
18.46,20.3815,76,1548.99,21
18.461,20.3815,76,1548.99,21
18.462,20.3674,67,1364.62,21
18.463,18.2831,76,1389.52,21
18.465,18.2831,76,1389.52,21
18.47,45.2204,3,135.661,21
18.549,20.9781,1,20.9781,21
18.555,20.3815,76,1548.99,21
18.556,20.3815,76,1548.99,21
18.557,20.3815,76,1548.99,21
18.558,20.306,43,873.16,21
18.566,45.2204,3,135.661,21
18.649,20.9781,1,20.9781,21
18.655,20.3815,76,1548.99,21
18.656,20.3815,76,1548.99,21
18.657,20.3815,76,1548.99,21
18.658,20.3815,76,1548.99,21
18.659,20.3815,76,1548.99,21
18.66,20.3815,76,1548.99,21
18.661,18.9393,3,56.8179,21
18.663,18.2831,76,1389.52,21
18.665,18.2831,76,1389.52,21
18.666,18.2831,76,1389.52,21
18.678,45.2204,3,135.661,21
18.749,20.9781,1,20.9781,21
18.755,20.3815,76,1548.99,21
18.756,20.3815,76,1548.99,21
18.757,20.3815,76,1548.99,21
18.758,20.3815,76,1548.99,21
18.759,20.4554,65,1329.6,21
18.764,18.2831,76,1389.52,21
18.778,45.2204,3,135.661,21
18.849,20.9781,1,20.9781,21
18.855,20.3815,76,1548.99,21
18.856,20.1762,26,524.581,21
18.862,45.2204,3,135.661,21
18.949,20.9781,1,20.9781,21
18.955,20.3815,76,1548.99,21
18.956,20.2819,31,628.739,21
18.961,45.2204,3,135.661,21
19.049,22.8105,1,22.8105,21
19.055,20.2302,79,1598.19,21
19.056,20.2302,79,1598.19,21
19.057,20.2302,79,1598.19,21
19.058,20.2302,79,1598.19,21
19.059,20.3865,68,1386.28,21
19.061,20.1731,79,1593.68,21
19.062,20.1731,79,1593.68,21
19.063,20.1731,79,1593.68,21
19.064,20.1731,79,1593.68,21
19.065,20.2705,68,1378.4,21
19.067,20.1731,79,1593.68,21
19.068,20.1731,79,1593.68,21
19.074,32.1668,3,96.5003,21
19.149,22.8105,1,22.8105,21
19.155,21.9343,79,1732.81,21
19.164,30.6007,3,91.802,21
19.249,22.8105,1,22.8105,21
19.255,21.7857,82,1786.43,21
19.256,21.7857,82,1786.43,21
19.257,21.7857,82,1786.43,21
19.258,21.7857,82,1786.43,21
19.259,21.7857,82,1786.43,21
19.26,21.7857,82,1786.43,21
19.261,21.7857,82,1786.43,21
19.262,22.0212,25,550.53,21
19.27,36.7763,3,110.329,21
19.349,22.8105,1,22.8105,21
19.355,21.7857,82,1786.43,21
19.356,21.7857,82,1786.43,21
19.357,21.7857,82,1786.43,21
19.358,21.7857,82,1786.43,21
19.359,21.7857,82,1786.43,21
19.36,21.6493,40,865.974,21
19.362,20.1511,82,1652.39,21
19.368,20.1511,82,1652.39,21
19.373,36.7763,3,110.329,21
19.449,22.8105,1,22.8105,21
19.455,21.7857,82,1786.43,21
19.456,21.7857,82,1786.43,21
19.457,21.7857,82,1786.43,21
19.458,21.7857,82,1786.43,21
19.459,21.7857,82,1786.43,21
19.46,21.7857,82,1786.43,21
19.461,21.7857,82,1786.43,21
19.462,20.1511,82,1652.39,21
19.463,22.0212,25,550.53,21
19.474,36.7763,3,110.329,21
19.549,22.8105,1,22.8105,21
19.555,21.9902,22,483.785,21
19.56,36.7763,3,110.329,21
19.649,22.8105,1,22.8105,21
19.655,21.7857,82,1786.43,21
19.656,21.7857,82,1786.43,21
19.657,21.7857,82,1786.43,21
19.658,21.7857,82,1786.43,21
19.659,21.6741,18,390.133,21
19.663,20.1511,82,1652.39,21
19.669,20.1511,82,1652.39,21
19.682,36.7763,3,110.329,21
19.749,22.8105,1,22.8105,21
19.755,21.7857,82,1786.43,21
19.756,21.7857,82,1786.43,21
19.757,21.7857,82,1786.43,21
19.758,21.7857,82,1786.43,21
19.759,21.7857,82,1786.43,21
19.76,21.7857,82,1786.43,21
19.761,21.9201,80,1753.6,21
19.766,36.7763,3,110.329,21
19.849,22.8105,1,22.8105,21
19.855,21.7857,82,1786.43,21
19.856,21.7857,82,1786.43,21
19.857,21.8556,45,983.5,21
19.864,36.7763,3,110.329,21
19.949,22.8105,1,22.8105,21
19.955,21.7857,82,1786.43,21
19.956,21.7857,82,1786.43,21
19.957,21.7857,82,1786.43,21
19.958,21.7857,82,1786.43,21
19.959,21.7857,82,1786.43,21
19.96,21.9894,52,1143.45,21
19.966,20.0184,52,1040.96,21
19.971,36.7763,3,110.329,21
20.049,23.3584,1,23.3584,21
20.055,20.4778,80,1638.22,21
20.056,20.4778,80,1638.22,21
20.057,20.4778,80,1638.22,21
20.058,20.4778,80,1638.22,21
20.059,20.4778,80,1638.22,21
20.06,20.4778,80,1638.22,21
20.061,20.7435,80,1659.48,21
20.062,20.7435,80,1659.48,21
20.063,20.7435,80,1659.48,21
20.064,20.7435,80,1659.48,21
20.065,20.7435,80,1659.48,21
20.066,20.7435,80,1659.48,21
20.067,20.7051,60,1242.3,21
20.071,20.7435,80,1659.48,21
20.072,20.7435,80,1659.48,21
20.073,20.7697,60,1246.18,21
20.078,41.9011,3,125.703,21
20.149,23.3584,1,23.3584,21
20.155,22.6939,77,1747.43,21
20.156,22.6939,77,1747.43,21
20.157,22.6939,77,1747.43,21
20.158,22.6939,77,1747.43,21
20.159,22.6939,77,1747.43,21
20.16,22.6939,77,1747.43,21
20.161,22.6939,77,1747.43,21
20.162,23.3584,1,23.3584,21
20.165,20.6827,77,1592.57,21
20.172,35.4935,3,106.481,21
20.249,23.3584,1,23.3584,21
20.255,22.6939,77,1747.43,21
20.256,22.6939,77,1747.43,21
20.257,22.6939,77,1747.43,21
20.258,22.6939,77,1747.43,21
20.259,22.6939,77,1747.43,21
20.26,22.6939,77,1747.43,21
20.261,22.6939,77,1747.43,21
20.262,23.3584,1,23.3584,21
20.267,39.146,3,117.438,21
20.349,23.3584,1,23.3584,21
20.355,22.6939,77,1747.43,21
20.356,22.6939,77,1747.43,21
20.357,22.6939,77,1747.43,21
20.358,22.7689,65,1479.98,21
20.363,39.146,3,117.438,21
20.449,23.3584,1,23.3584,21
20.455,22.6939,77,1747.43,21
20.456,22.4213,29,650.218,21
20.466,39.146,3,117.438,21
20.549,23.3584,1,23.3584,21
20.555,22.5565,26,586.468,21
20.56,39.146,3,117.438,21
20.649,23.3584,1,23.3584,21
20.655,22.6939,77,1747.43,21
20.656,22.6939,77,1747.43,21
20.657,22.6939,77,1747.43,21
20.658,22.6939,77,1747.43,21
20.659,22.6939,77,1747.43,21
20.66,22.0211,11,242.233,21
20.669,39.146,3,117.438,21
20.749,23.3584,1,23.3584,21
20.755,22.3326,15,334.99,21
20.762,39.146,3,117.438,21
20.849,23.3584,1,23.3584,21
20.855,22.671,68,1541.63,21
20.866,39.146,3,117.438,21
20.949,23.3584,1,23.3584,21
20.955,22.6939,77,1747.43,21
20.956,22.6939,77,1747.43,21
20.957,22.6939,77,1747.43,21
20.958,22.6939,77,1747.43,21
20.959,22.6939,77,1747.43,21
20.96,22.6939,77,1747.43,21
20.961,22.6939,77,1747.43,21
20.962,23.3584,1,23.3584,21
20.972,39.146,3,117.438,21
21.049,19.4738,1,19.4738,21
21.055,19.5568,75,1466.76,21
21.056,19.5568,75,1466.76,21
21.057,19.5568,75,1466.76,21
21.058,20.2394,28,566.704,21
21.061,19.9395,75,1495.46,21
21.062,19.9395,75,1495.46,21
21.063,19.9395,75,1495.46,21
21.064,20.5696,28,575.948,21
21.074,32.7005,3,98.1015,21
21.149,22.4689,1,22.4689,21
21.155,21.5206,81,1743.17,21
21.156,21.7798,76,1655.27,21
21.161,19.8507,81,1607.91,21
21.167,38.7513,3,116.254,21
21.249,22.4689,1,22.4689,21
21.255,21.5206,81,1743.17,21
21.256,21.5206,81,1743.17,21
21.257,21.5206,81,1743.17,21
21.258,21.5206,81,1743.17,21
21.259,21.5206,81,1743.17,21
21.26,21.5206,81,1743.17,21
21.261,21.5206,81,1743.17,21
21.262,21.6943,32,694.216,21
21.271,37.7174,3,113.152,21
21.349,22.4689,1,22.4689,21
21.355,21.5206,81,1743.17,21
21.356,21.5206,81,1743.17,21
21.357,21.5206,81,1743.17,21
21.358,21.5206,81,1743.17,21
21.359,21.5206,81,1743.17,21
21.36,21.7734,51,1110.44,21
21.374,37.7174,3,113.152,21
21.449,22.4689,1,22.4689,21
21.455,21.5206,81,1743.17,21
21.456,21.5206,81,1743.17,21
21.457,21.5206,81,1743.17,21
21.458,21.5352,42,904.479,21
21.467,37.7174,3,113.152,21
21.549,22.4689,1,22.4689,21
21.555,21.5206,81,1743.17,21
21.556,21.5206,81,1743.17,21
21.557,21.5206,81,1743.17,21
21.558,21.5206,81,1743.17,21
21.559,21.5206,81,1743.17,21
21.56,21.5206,81,1743.17,21
21.561,21.5206,81,1743.17,21
21.562,21.6943,32,694.216,21
21.564,19.8507,81,1607.91,21
21.565,19.8507,81,1607.91,21
21.58,37.7174,3,113.152,21
21.649,22.4689,1,22.4689,21
21.655,21.5206,81,1743.17,21
21.656,21.5206,81,1743.17,21
21.657,21.5206,81,1743.17,21
21.658,21.5206,81,1743.17,21
21.659,21.5206,81,1743.17,21
21.66,21.5206,81,1743.17,21
21.661,21.5206,81,1743.17,21
21.662,21.6943,32,694.216,21
21.666,19.8507,81,1607.91,21
21.671,37.7174,3,113.152,21
21.749,22.4689,1,22.4689,21
21.755,21.5206,81,1743.17,21
21.756,21.5206,81,1743.17,21
21.757,21.5206,81,1743.17,21
21.758,21.5206,81,1743.17,21
21.759,21.5206,81,1743.17,21
21.76,21.5206,81,1743.17,21
21.761,21.5206,81,1743.17,21
21.762,21.6943,32,694.216,21
21.769,37.7174,3,113.152,21
21.849,22.4689,1,22.4689,21
21.855,21.5206,81,1743.17,21
21.856,21.5206,81,1743.17,21
21.857,21.5206,81,1743.17,21
21.858,21.5206,81,1743.17,21
21.859,21.5206,81,1743.17,21
21.86,21.5206,81,1743.17,21
21.861,21.5206,81,1743.17,21
21.862,21.6943,32,694.216,21
21.869,37.7174,3,113.152,21
21.949,22.4689,1,22.4689,21
21.955,21.5206,81,1743.17,21
21.956,21.5206,81,1743.17,21
21.957,21.5206,81,1743.17,21
21.958,21.6775,20,433.551,21
21.968,37.7174,3,113.152,21
22.049,17.9896,1,17.9896,21
22.055,14.8852,77,1146.16,21
22.056,14.8852,77,1146.16,21
22.057,15.6145,46,718.266,21
22.061,15.314,77,1179.17,21
22.062,15.314,77,1179.17,21
22.063,15.3316,46,705.252,21
22.068,36.1548,3,108.464,21
22.149,17.9896,1,17.9896,21
22.155,17.3931,76,1321.87,21
22.156,17.3931,76,1321.87,21
22.157,17.3992,68,1183.15,21
22.162,15.2947,76,1162.39,21
22.169,40.9316,3,122.795,21
22.249,17.9896,1,17.9896,21
22.255,17.3931,76,1321.87,21
22.256,17.3931,76,1321.87,21
22.257,17.3931,76,1321.87,21
22.258,17.3931,76,1321.87,21
22.259,17.412,75,1305.9,21
22.264,15.2947,76,1162.39,21
22.272,40.5159,3,121.548,21
22.349,17.9896,1,17.9896,21
22.355,17.3931,76,1321.87,21
22.356,17.3931,76,1321.87,21
22.357,17.3931,76,1321.87,21
22.358,17.3931,76,1321.87,21
22.359,17.3931,76,1321.87,21
22.36,17.3931,76,1321.87,21
22.361,17.3931,76,1321.87,21
22.362,17.3931,76,1321.87,21
22.363,17.4172,50,870.861,21
22.372,40.5159,3,121.548,21
22.449,17.9896,1,17.9896,21
22.455,17.3931,76,1321.87,21
22.456,17.3931,76,1321.87,21
22.457,17.3931,76,1321.87,21
22.458,17.2704,42,725.358,21
22.463,40.5159,3,121.548,21
22.549,17.9896,1,17.9896,21
22.555,17.3931,76,1321.87,21
22.556,17.3931,76,1321.87,21
22.557,17.2394,19,327.549,21
22.562,40.5159,3,121.548,21
22.649,17.9896,1,17.9896,21
22.655,17.3931,76,1321.87,21
22.656,17.3931,76,1321.87,21
22.657,16.9926,6,101.955,21
22.668,40.5159,3,121.548,21
22.749,17.9896,1,17.9896,21
22.755,17.3931,76,1321.87,21
22.756,17.5255,62,1086.58,21
22.762,40.5159,3,121.548,21
22.849,17.9896,1,17.9896,21
22.855,17.9896,1,17.9896,21
22.864,40.5159,3,121.548,21
22.949,17.9896,1,17.9896,21
22.955,17.3931,76,1321.87,21
22.956,17.3931,76,1321.87,21
22.957,17.3931,76,1321.87,21
22.958,17.1351,14,239.892,21
22.963,40.5159,3,121.548,21
23.049,12.86,1,12.86,21
23.055,13.0572,71,927.064,21
23.056,13.0572,71,927.064,21
23.057,13.4673,18,242.411,21
23.061,13.3272,71,946.228,21
23.062,13.3272,71,946.228,21
23.063,13.521,18,243.378,21
23.069,40.5955,3,121.787,21
23.149,15.8551,1,15.8551,21
23.155,15.2586,76,1159.65,21
23.156,15.2586,76,1159.65,21
23.157,15.2586,76,1159.65,21
23.158,15.2586,76,1159.65,21
23.159,15.2586,76,1159.65,21
23.16,15.2586,76,1159.65,21
23.161,13.1602,76,1000.17,21
23.162,15.2586,76,1159.65,21
23.163,15.2586,76,1159.65,21
23.164,15.2586,76,1159.65,21
23.165,15.3394,71,1089.1,21
23.168,13.1602,76,1000.17,21
23.17,13.1602,76,1000.17,21
23.176,38.0964,3,114.289,21
23.249,15.8551,1,15.8551,21
23.255,15.2586,76,1159.65,21
23.256,15.2586,76,1159.65,21
23.257,15.2586,76,1159.65,21
23.258,15.2586,76,1159.65,21
23.259,15.2586,76,1159.65,21
23.26,15.2586,76,1159.65,21
23.261,15.2586,76,1159.65,21
23.262,15.2586,76,1159.65,21
23.263,14.3878,4,57.5512,21
23.266,13.1602,76,1000.17,21
23.267,13.1602,76,1000.17,21
23.268,13.1602,76,1000.17,21
23.275,40.4901,3,121.47,21
23.349,15.8551,1,15.8551,21
23.355,15.2586,76,1159.65,21
23.356,15.2586,76,1159.65,21
23.357,15.2586,76,1159.65,21
23.358,15.2586,76,1159.65,21
23.359,15.2586,76,1159.65,21
23.36,15.2586,76,1159.65,21
23.361,15.2586,76,1159.65,21
23.362,15.2586,76,1159.65,21
23.363,15.2586,76,1159.65,21
23.364,15.3394,71,1089.1,21
23.37,40.4901,3,121.47,21
23.449,15.8551,1,15.8551,21
23.455,15.2586,76,1159.65,21
23.456,15.2586,76,1159.65,21
23.457,15.2682,66,1007.7,21
23.461,13.1602,76,1000.17,21
23.462,13.1602,76,1000.17,21
23.463,13.242,66,873.971,21
23.475,40.4901,3,121.47,21
23.549,15.8551,1,15.8551,21
23.555,15.2586,76,1159.65,21
23.556,15.0489,28,421.368,21
23.561,40.4901,3,121.47,21
23.649,15.8551,1,15.8551,21
23.655,15.2586,76,1159.65,21
23.656,15.2586,76,1159.65,21
23.657,15.4273,59,910.213,21
23.663,40.4901,3,121.47,21
23.749,15.8551,1,15.8551,21
23.755,15.1025,30,453.074,21
23.763,40.4901,3,121.47,21
23.849,15.8551,1,15.8551,21
23.855,15.2586,76,1159.65,21
23.856,15.2586,76,1159.65,21
23.857,15.1025,30,453.074,21
23.865,40.4901,3,121.47,21
23.949,15.8551,1,15.8551,21
23.955,15.2586,76,1159.65,21
23.956,15.2586,76,1159.65,21
23.957,15.2586,76,1159.65,21
23.958,15.2586,76,1159.65,21
23.959,15.2586,76,1159.65,21
23.96,15.2586,76,1159.65,21
23.961,15.3222,69,1057.23,21
23.962,13.1602,76,1000.17,21
23.963,13.1602,76,1000.17,21
23.969,13.1602,76,1000.17,21
23.974,40.4901,3,121.47,21
24.049,28.1602,1,28.1602,21
24.055,25.1889,89,2241.82,21
24.056,25.978,34,883.253,21
24.061,25.4013,89,2260.71,21
24.062,26.2998,34,894.195,21
24.074,24.1758,3,72.5273,21
24.149,28.1602,1,28.1602,21
24.155,27.2857,80,2182.86,21
24.156,27.2857,80,2182.86,21
24.157,27.2857,80,2182.86,21
24.158,27.2857,80,2182.86,21
24.159,27.5071,55,1512.89,21
24.163,25.5453,80,2043.63,21
24.164,25.5453,80,2043.63,21
24.17,28.6942,3,86.0827,21
24.249,28.1602,1,28.1602,21
24.255,27.2857,80,2182.86,21
24.256,27.2747,27,736.417,21
24.263,30.3973,3,91.1918,21
24.349,28.1602,1,28.1602,21
24.355,27.2857,80,2182.86,21
24.356,27.2857,80,2182.86,21
24.357,27.2857,80,2182.86,21
24.358,27.2857,80,2182.86,21
24.359,27.2857,80,2182.86,21
24.36,27.4758,71,1950.78,21
24.369,30.3973,3,91.1918,21
24.449,28.1602,1,28.1602,21
24.455,27.2857,80,2182.86,21
24.456,27.4942,18,494.896,21
24.462,30.3973,3,91.1918,21
24.549,28.1602,1,28.1602,21
24.555,27.2857,80,2182.86,21
24.556,27.2857,80,2182.86,21
24.557,27.4916,76,2089.36,21
24.565,30.3973,3,91.1918,21
24.649,28.1602,1,28.1602,21
24.655,27.2857,80,2182.86,21
24.656,27.2857,80,2182.86,21
24.657,27.2857,80,2182.86,21
24.658,27.2857,80,2182.86,21
24.659,27.2857,80,2182.86,21
24.66,27.4758,71,1950.78,21
24.666,30.3973,3,91.1918,21
24.749,28.1602,1,28.1602,21
24.755,27.2857,80,2182.86,21
24.756,27.2857,80,2182.86,21
24.757,27.2857,80,2182.86,21
24.758,27.2857,80,2182.86,21
24.759,27.2857,80,2182.86,21
24.76,27.4758,71,1950.78,21
24.764,25.5453,80,2043.63,21
24.77,30.3973,3,91.1918,21
24.849,28.1602,1,28.1602,21
24.855,27.2857,80,2182.86,21
24.856,27.2857,80,2182.86,21
24.857,27.2857,80,2182.86,21
24.858,27.2857,80,2182.86,21
24.859,27.2857,80,2182.86,21
24.86,27.4758,71,1950.78,21
24.869,30.3973,3,91.1918,21
24.949,28.1602,1,28.1602,21
24.955,27.2857,80,2182.86,21
24.956,27.2857,80,2182.86,21
24.957,27.2857,80,2182.86,21
24.958,27.2857,80,2182.86,21
24.959,27.1545,39,1059.03,21
24.964,30.3973,3,91.1918,21
25.049,28.5299,1,28.5299,21
25.055,25.4824,75,1911.18,21
25.056,25.4824,75,1911.18,21
25.057,25.4824,75,1911.18,21
25.058,25.4824,75,1911.18,21
25.059,25.4824,75,1911.18,21
25.06,25.4824,75,1911.18,21
25.061,26.0005,75,1950.04,21
25.062,26.0005,75,1950.04,21
25.063,26.0005,75,1950.04,21
25.064,26.0005,75,1950.04,21
25.065,26.0005,75,1950.04,21
25.066,26.0005,75,1950.04,21
25.067,26.2777,21,551.831,21
25.072,26.0005,75,1950.04,21
25.073,25.9631,21,545.224,21
25.082,44.1109,3,132.333,21
25.149,28.5299,1,28.5299,21
25.155,27.5817,81,2234.11,21
25.156,27.6151,38,1049.37,21
25.161,45.8005,3,137.401,21
25.249,28.5299,1,28.5299,21
25.255,27.5817,81,2234.11,21
25.256,27.5929,29,800.193,21
25.261,42.095,3,126.285,21
25.349,28.5299,1,28.5299,21
25.355,27.5817,81,2234.11,21
25.356,27.8375,53,1475.39,21
25.364,42.095,3,126.285,21
25.449,28.5299,1,28.5299,21
25.455,27.7811,77,2139.14,21
25.46,42.095,3,126.285,21
25.549,28.5299,1,28.5299,21
25.555,27.5817,81,2234.11,21
25.556,27.7661,56,1554.9,21
25.562,25.7623,56,1442.69,21
25.567,42.095,3,126.285,21
25.649,28.5299,1,28.5299,21
25.655,27.5817,81,2234.11,21
25.656,27.5817,81,2234.11,21
25.657,27.5817,81,2234.11,21
25.658,27.5817,81,2234.11,21
25.659,27.5817,81,2234.11,21
25.66,27.8455,66,1837.81,21
25.662,25.9118,81,2098.85,21
25.671,42.095,3,126.285,21
25.749,28.5299,1,28.5299,21
25.755,27.5817,81,2234.11,21
25.756,27.5817,81,2234.11,21
25.757,27.5817,81,2234.11,21
25.758,27.5817,81,2234.11,21
25.759,27.6658,46,1272.63,21
25.766,42.095,3,126.285,21
25.849,28.5299,1,28.5299,21
25.855,27.5817,81,2234.11,21
25.856,27.5817,81,2234.11,21
25.857,27.5817,81,2234.11,21
25.858,27.5817,81,2234.11,21
25.859,27.5817,81,2234.11,21
25.86,27.8455,66,1837.81,21
25.867,42.095,3,126.285,21
25.949,28.5299,1,28.5299,21
25.955,27.5817,81,2234.11,21
25.956,27.5817,81,2234.11,21
25.957,27.5817,81,2234.11,21
25.958,27.5817,81,2234.11,21
25.959,27.5817,81,2234.11,21
25.96,27.8455,66,1837.81,21
25.968,42.095,3,126.285,21
26.049,20.0215,1,20.0215,21
26.055,17.8622,60,1071.73,21
26.061,17.4327,60,1045.96,21
26.067,39.413,3,118.239,21
26.149,20.0215,1,20.0215,21
26.155,19.7367,71,1401.31,21
26.156,19.7367,71,1401.31,21
26.157,19.7166,62,1222.43,21
26.161,17.4935,71,1242.04,21
26.163,17.5645,62,1089,21
26.175,44.4616,3,133.385,21
26.249,20.0215,1,20.0215,21
26.255,18.7208,9,168.487,21
26.262,41.2394,3,123.718,21
26.349,20.0215,1,20.0215,21
26.355,19.7367,71,1401.31,21
26.356,19.7367,71,1401.31,21
26.357,19.5061,21,409.628,21
26.364,41.2394,3,123.718,21
26.449,20.0215,1,20.0215,21
26.455,19.7367,71,1401.31,21
26.456,19.7367,71,1401.31,21
26.457,19.7367,71,1401.31,21
26.458,19.7367,71,1401.31,21
26.459,19.7367,71,1401.31,21
26.46,19.7367,71,1401.31,21
26.461,19.7367,71,1401.31,21
26.462,19.7367,71,1401.31,21
26.463,19.5288,31,605.393,21
26.47,41.2394,3,123.718,21
26.549,20.0215,1,20.0215,21
26.555,19.7367,71,1401.31,21
26.556,19.7367,71,1401.31,21
26.557,19.6538,45,884.423,21
26.57,41.2394,3,123.718,21
26.649,20.0215,1,20.0215,21
26.655,19.7367,71,1401.31,21
26.656,19.6147,43,843.432,21
26.662,41.2394,3,123.718,21
26.749,20.0215,1,20.0215,21
26.755,19.7367,71,1401.31,21
26.756,19.7367,71,1401.31,21
26.757,19.5229,30,585.687,21
26.769,41.2394,3,123.718,21
26.849,20.0215,1,20.0215,21
26.855,19.7367,71,1401.31,21
26.856,19.7238,46,907.293,21
26.872,41.2394,3,123.718,21
26.949,20.0215,1,20.0215,21
26.955,19.7367,71,1401.31,21
26.956,19.0244,6,114.146,21
26.962,41.2394,3,123.718,21
27.049,30.4497,1,30.4497,21
27.055,27.6944,19,526.193,21
27.061,27.4992,19,522.486,21
27.067,40.3063,3,120.919,21
27.149,30.4497,1,30.4497,21
27.155,29.2523,84,2457.19,21
27.156,29.2523,84,2457.19,21
27.157,29.2523,84,2457.19,21
27.158,29.2523,84,2457.19,21
27.159,29.2523,84,2457.19,21
27.16,29.3984,51,1499.32,21
27.167,40.5746,3,121.724,21
27.249,30.4497,1,30.4497,21
27.255,29.3977,41,1205.31,21
27.261,40.9438,3,122.831,21
27.349,30.4497,1,30.4497,21
27.355,29.3336,74,2170.69,21
27.363,40.9438,3,122.831,21
27.449,30.4497,1,30.4497,21
27.455,29.3514,38,1115.35,21
27.465,40.9438,3,122.831,21
27.549,30.4497,1,30.4497,21
27.555,29.2523,84,2457.19,21
27.556,29.2523,84,2457.19,21
27.557,29.3734,71,2085.51,21
27.563,40.9438,3,122.831,21
27.649,30.4497,1,30.4497,21
27.655,29.3791,70,2056.54,21
27.666,40.9438,3,122.831,21
27.749,30.4497,1,30.4497,21
27.755,29.2523,84,2457.19,21
27.756,29.2523,84,2457.19,21
27.757,29.2523,84,2457.19,21
27.758,29.2523,84,2457.19,21
27.759,29.2523,84,2457.19,21
27.76,29.3984,51,1499.32,21
27.767,40.9438,3,122.831,21
27.849,30.4497,1,30.4497,21
27.855,29.423,77,2265.57,21
27.86,40.9438,3,122.831,21
27.949,30.4497,1,30.4497,21
27.955,29.2523,84,2457.19,21
27.956,29.2523,84,2457.19,21
27.957,29.2523,84,2457.19,21
27.958,29.2523,84,2457.19,21
27.959,29.2523,84,2457.19,21
27.96,29.3984,51,1499.32,21
27.965,40.9438,3,122.831,21
28.049,24.573,1,24.573,21
28.055,21.5649,81,1746.76,21
28.056,21.5649,81,1746.76,21
28.057,21.5649,81,1746.76,21
28.058,21.5649,81,1746.76,21
28.059,21.5649,81,1746.76,21
28.06,21.5649,81,1746.76,21
28.061,21.9548,81,1778.34,21
28.062,21.9548,81,1778.34,21
28.063,21.9548,81,1778.34,21
28.064,21.9548,81,1778.34,21
28.065,21.9548,81,1778.34,21
28.066,21.9548,81,1778.34,21
28.067,21.808,54,1177.63,21
28.071,21.9548,81,1778.34,21
28.073,21.7227,54,1173.02,21
28.079,38.2727,3,114.818,21
28.149,24.573,1,24.573,21
28.155,23.6247,81,1913.6,21
28.156,23.6247,81,1913.6,21
28.157,23.6247,81,1913.6,21
28.158,23.6247,81,1913.6,21
28.159,23.6247,81,1913.6,21
28.16,23.6247,81,1913.6,21
28.161,23.7855,54,1284.42,21
28.168,42.597,3,127.791,21
28.249,24.573,1,24.573,21
28.255,23.6247,81,1913.6,21
28.256,23.6247,81,1913.6,21
28.257,23.6955,80,1895.64,21
28.261,21.9548,81,1778.34,21
28.269,40.1905,3,120.572,21
28.349,24.573,1,24.573,21
28.355,23.6247,81,1913.6,21
28.356,23.6247,81,1913.6,21
28.357,23.6247,81,1913.6,21
28.358,23.8536,7,166.975,21
28.365,40.1905,3,120.572,21
28.449,24.573,1,24.573,21
28.455,23.9906,23,551.784,21
28.46,40.1905,3,120.572,21
28.549,24.573,1,24.573,21
28.555,23.6247,81,1913.6,21
28.556,23.6247,81,1913.6,21
28.557,23.6247,81,1913.6,21
28.558,23.6247,81,1913.6,21
28.559,23.6247,81,1913.6,21
28.56,23.6247,81,1913.6,21
28.561,23.2358,11,255.593,21
28.566,21.9548,81,1778.34,21
28.573,40.1905,3,120.572,21
28.649,24.573,1,24.573,21
28.655,23.6247,81,1913.6,21
28.656,23.6247,81,1913.6,21
28.657,23.5673,39,919.124,21
28.661,21.9548,81,1778.34,21
28.668,40.1905,3,120.572,21
28.749,24.573,1,24.573,21
28.755,23.6247,81,1913.6,21
28.756,23.6247,81,1913.6,21
28.757,23.6247,81,1913.6,21
28.758,23.6247,81,1913.6,21
28.759,23.6247,81,1913.6,21
28.76,23.6247,81,1913.6,21
28.761,21.9548,81,1778.34,21
28.762,23.7855,54,1284.42,21
28.763,21.9548,81,1778.34,21
28.771,40.1905,3,120.572,21
28.849,24.573,1,24.573,21
28.855,23.6247,81,1913.6,21
28.856,23.6247,81,1913.6,21
28.857,23.8536,7,166.975,21
28.862,21.9548,81,1778.34,21
28.868,40.1905,3,120.572,21
28.949,24.573,1,24.573,21
28.955,22.5342,3,67.6026,21
28.96,40.1905,3,120.572,21
29.049,24.5456,1,24.5456,21
29.055,21.5446,88,1895.93,21
29.056,21.5446,88,1895.93,21
29.057,21.5446,88,1895.93,21
29.058,21.6996,57,1236.88,21
29.061,21.9042,88,1927.57,21
29.062,21.9042,88,1927.57,21
29.063,21.9042,88,1927.57,21
29.064,21.7981,57,1242.49,21
29.069,55.0316,3,165.095,21
29.149,24.5456,1,24.5456,21
29.155,23.5974,81,1911.39,21
29.156,23.5974,81,1911.39,21
29.157,23.5974,81,1911.39,21
29.158,23.5974,81,1911.39,21
29.159,23.5974,81,1911.39,21
29.16,23.5974,81,1911.39,21
29.161,21.9275,81,1776.12,21
29.162,23.7582,54,1282.94,21
29.167,21.9275,81,1776.12,21
29.174,50.2333,3,150.7,21
29.249,24.5456,1,24.5456,21
29.255,23.5974,81,1911.39,21
29.256,23.6086,29,684.649,21
29.261,53.9938,3,161.981,21
29.349,24.5456,1,24.5456,21
29.355,23.5974,81,1911.39,21
29.356,23.5974,81,1911.39,21
29.357,24.0303,21,504.636,21
29.363,53.9938,3,161.981,21
29.449,24.5456,1,24.5456,21
29.455,23.9241,61,1459.37,21
29.468,53.9938,3,161.981,21
29.549,24.5456,1,24.5456,21
29.555,23.5974,81,1911.39,21
29.556,23.3127,12,279.752,21
29.563,53.9938,3,161.981,21
29.649,24.5456,1,24.5456,21
29.655,23.5974,81,1911.39,21
29.656,23.5974,81,1911.39,21
29.657,23.7673,17,404.044,21
29.666,53.9938,3,161.981,21
29.749,24.5456,1,24.5456,21
29.755,23.5974,81,1911.39,21
29.756,23.5974,81,1911.39,21
29.757,23.5974,81,1911.39,21
29.758,23.5974,81,1911.39,21
29.759,23.5974,81,1911.39,21
29.76,23.9875,5,119.937,21
29.766,53.9938,3,161.981,21
29.849,24.5456,1,24.5456,21
29.855,23.5974,81,1911.39,21
29.856,23.5974,81,1911.39,21
29.857,23.5974,81,1911.39,21
29.858,23.5974,81,1911.39,21
29.859,23.8501,51,1216.36,21
29.863,21.9275,81,1776.12,21
29.869,53.9938,3,161.981,21
29.949,24.5456,1,24.5456,21
29.955,23.5974,81,1911.39,21
29.956,23.5974,81,1911.39,21
29.957,23.5974,81,1911.39,21
29.958,23.5974,81,1911.39,21
29.959,23.5974,81,1911.39,21
29.96,23.5974,81,1911.39,21
29.961,23.7582,54,1282.94,21
29.965,21.9275,81,1776.12,21
29.971,21.9275,81,1776.12,21
29.976,53.9938,3,161.981,21
30.049,19.3374,1,19.3374,21
30.055,16.1951,83,1344.2,21
30.056,15.2079,3,45.6237,21
30.061,16.6923,83,1385.46,21
30.068,35.0935,3,105.281,21
30.149,19.3374,1,19.3374,21
30.155,18.654,67,1249.81,21
30.161,37.7333,3,113.2,21
30.249,19.3374,1,19.3374,21
30.255,18.4629,80,1477.03,21
30.256,18.4398,40,737.591,21
30.267,41.9888,3,125.966,21
30.349,19.3374,1,19.3374,21
30.355,18.4629,80,1477.03,21
30.356,18.4629,80,1477.03,21
30.357,18.4629,80,1477.03,21
30.358,18.4629,80,1477.03,21
30.359,18.4629,80,1477.03,21
30.36,18.4629,80,1477.03,21
30.361,18.4629,80,1477.03,21
30.362,18.4629,80,1477.03,21
30.363,18.6715,18,336.086,21
30.371,41.9888,3,125.966,21
30.449,19.3374,1,19.3374,21
30.455,18.4629,80,1477.03,21
30.456,18.4629,80,1477.03,21
30.457,18.4629,80,1477.03,21
30.458,18.4629,80,1477.03,21
30.459,18.4629,80,1477.03,21
30.46,18.4629,80,1477.03,21
30.461,18.4629,80,1477.03,21
30.462,18.4629,80,1477.03,21
30.463,18.6715,18,336.086,21
30.465,16.7226,80,1337.8,21
30.47,41.9888,3,125.966,21
30.549,19.3374,1,19.3374,21
30.555,18.6688,76,1418.83,21
30.563,41.9888,3,125.966,21
30.649,19.3374,1,19.3374,21
30.655,18.4629,80,1477.03,21
30.656,18.4629,80,1477.03,21
30.657,18.4629,80,1477.03,21
30.658,18.4629,80,1477.03,21
30.659,18.7792,5,93.8961,21
30.664,41.9888,3,125.966,21
30.749,19.3374,1,19.3374,21
30.755,18.4629,80,1477.03,21
30.756,18.4629,80,1477.03,21
30.757,18.4629,80,1477.03,21
30.758,18.4629,80,1477.03,21
30.759,18.4629,80,1477.03,21
30.76,18.4629,80,1477.03,21
30.761,18.4629,80,1477.03,21
30.762,18.4629,80,1477.03,21
30.763,16.7226,80,1337.8,21
30.764,18.6715,18,336.086,21
30.771,41.9888,3,125.966,21
30.849,19.3374,1,19.3374,21
30.855,18.4629,80,1477.03,21
30.856,18.4629,80,1477.03,21
30.857,18.654,67,1249.81,21
30.872,41.9888,3,125.966,21
30.949,19.3374,1,19.3374,21
30.955,17.2986,3,51.8959,21
30.961,41.9888,3,125.966,21
31.049,26.801,1,26.801,21
31.055,23.7961,88,2094.06,21
31.056,23.7961,88,2094.06,21
31.057,24.4274,32,781.675,21
31.061,24.1595,88,2126.04,21
31.062,24.1595,88,2126.04,21
31.063,24.8245,32,794.382,21
31.068,24.1595,88,2126.04,21
31.074,29.3502,3,88.0505,21
31.08,35.6969,3,107.091,21
31.149,26.801,1,26.801,21
31.155,25.5105,85,2168.39,21
31.156,25.5105,85,2168.39,21
31.157,25.5105,85,2168.39,21
31.158,25.6706,78,2002.31,21
31.163,42.279,3,126.837,21
31.249,26.801,1,26.801,21
31.255,25.5105,85,2168.39,21
31.256,25.5105,85,2168.39,21
31.257,24.9567,9,224.61,21
31.263,42.279,3,126.837,21
31.349,26.801,1,26.801,21
31.355,25.5105,85,2168.39,21
31.356,25.1319,6,150.791,21
31.361,24.1364,85,2051.59,21
31.366,42.279,3,126.837,21
31.449,26.801,1,26.801,21
31.455,25.5105,85,2168.39,21
31.456,25.5105,85,2168.39,21
31.457,25.5105,85,2168.39,21
31.458,25.5105,85,2168.39,21
31.459,25.5105,85,2168.39,21
31.46,25.5105,85,2168.39,21
31.461,25.6543,30,769.63,21
31.467,42.279,3,126.837,21
31.549,26.801,1,26.801,21
31.555,25.686,70,1798.02,21
31.561,24.2163,70,1695.14,21
31.567,24.2163,70,1695.14,21
31.573,42.279,3,126.837,21
31.649,26.801,1,26.801,21
31.655,25.5105,85,2168.39,21
31.656,25.5105,85,2168.39,21
31.657,25.5105,85,2168.39,21
31.658,25.5105,85,2168.39,21
31.659,25.5105,85,2168.39,21
31.66,25.5105,85,2168.39,21
31.661,24.1364,85,2051.59,21
31.662,25.6543,30,769.63,21
31.663,24.1364,85,2051.59,21
31.664,24.1364,85,2051.59,21
31.669,24.1364,85,2051.59,21
31.675,42.279,3,126.837,21
31.749,26.801,1,26.801,21
31.755,25.5105,85,2168.39,21
31.756,25.5105,85,2168.39,21
31.757,25.5105,85,2168.39,21
31.758,25.5105,85,2168.39,21
31.759,24.1824,5,120.912,21
31.764,42.279,3,126.837,21
31.849,26.801,1,26.801,21
31.855,25.5105,85,2168.39,21
31.856,25.5105,85,2168.39,21
31.857,25.5105,85,2168.39,21
31.858,25.5105,85,2168.39,21
31.859,25.5161,38,969.611,21
31.873,42.279,3,126.837,21
31.949,26.801,1,26.801,21
31.955,25.1072,13,326.393,21
31.961,42.279,3,126.837,21
32.049,37.8792,1,37.8792,21
32.055,34.8833,98,3418.57,21
32.056,34.8833,98,3418.57,21
32.057,35.1001,75,2632.51,21
32.066,28.8449,3,86.5347,21
32.149,37.8792,1,37.8792,21
32.155,35.2668,94,3315.08,21
32.16,21.5495,3,64.6484,21
32.166,31.3099,3,93.9298,21
32.249,37.8792,1,37.8792,21
32.255,35.8194,25,895.484,21
32.26,31.3099,3,93.9298,21
32.349,37.8792,1,37.8792,21
32.355,35.5974,41,1459.49,21
32.361,31.3099,3,93.9298,21
32.449,37.8792,1,37.8792,21
32.455,35.1097,99,3475.86,21
32.456,35.8194,25,895.484,21
32.461,31.3099,3,93.9298,21
32.549,37.8792,1,37.8792,21
32.555,35.1097,99,3475.86,21
32.556,35.1097,99,3475.86,21
32.557,35.6403,49,1746.37,21
32.562,31.3099,3,93.9298,21
32.649,37.8792,1,37.8792,21
32.655,35.7959,31,1109.67,21
32.671,31.3099,3,93.9298,21
32.749,37.8792,1,37.8792,21
32.755,35.1097,99,3475.86,21
32.756,35.1097,99,3475.86,21
32.757,35.1097,99,3475.86,21
32.758,35.1097,99,3475.86,21
32.759,35.663,72,2567.74,21
32.769,31.3099,3,93.9298,21
32.849,37.8792,1,37.8792,21
32.855,35.3682,54,1909.88,21
32.861,31.3099,3,93.9298,21
32.949,37.8792,1,37.8792,21
32.955,35.1097,99,3475.86,21
32.956,35.1097,99,3475.86,21
32.957,35.1097,99,3475.86,21
32.958,35.1097,99,3475.86,21
32.959,35.3751,75,2653.13,21
32.964,31.3099,3,93.9298,21
33.049,40.5779,1,40.5779,21
33.055,38.1239,59,2249.31,21
33.061,40.1733,3,120.52,21
33.149,40.5779,1,40.5779,21
33.155,37.666,100,3766.6,21
33.156,37.666,100,3766.6,21
33.157,37.666,100,3766.6,21
33.158,38.7916,16,620.666,21
33.166,45.5496,3,136.649,21
33.249,40.5779,1,40.5779,21
33.255,37.8408,94,3557.03,21
33.26,44.7288,3,134.186,21
33.349,40.5779,1,40.5779,21
33.355,37.666,100,3766.6,21
33.356,37.666,100,3766.6,21
33.357,37.666,100,3766.6,21
33.358,37.666,100,3766.6,21
33.359,38.0499,71,2701.54,21
33.366,44.7288,3,134.186,21
33.449,40.5779,1,40.5779,21
33.455,37.666,100,3766.6,21
33.456,37.666,100,3766.6,21
33.457,37.666,100,3766.6,21
33.458,37.666,100,3766.6,21
33.459,38.0499,71,2701.54,21
33.464,44.7288,3,134.186,21
33.549,40.5779,1,40.5779,21
33.555,37.666,100,3766.6,21
33.556,37.666,100,3766.6,21
33.557,37.666,100,3766.6,21
33.558,37.666,100,3766.6,21
33.559,38.0499,71,2701.54,21
33.566,44.7288,3,134.186,21
33.649,40.5779,1,40.5779,21
33.655,37.666,100,3766.6,21
33.656,38.2437,18,688.387,21
33.661,44.7288,3,134.186,21
33.749,40.5779,1,40.5779,21
33.755,37.8103,56,2117.37,21
33.761,44.7288,3,134.186,21
33.849,40.5779,1,40.5779,21
33.855,37.666,100,3766.6,21
33.856,37.666,100,3766.6,21
33.857,37.666,100,3766.6,21
33.858,37.9932,70,2659.52,21
33.865,44.7288,3,134.186,21
33.949,40.5779,1,40.5779,21
33.955,37.666,100,3766.6,21
33.956,37.666,100,3766.6,21
33.957,37.666,100,3766.6,21
33.958,37.666,100,3766.6,21
33.959,38.0499,71,2701.54,21
33.967,44.7288,3,134.186,21
34.049,32.9877,1,32.9877,21
34.055,29.9087,90,2691.79,21
34.056,30.9461,22,680.814,21
34.062,37.0065,3,111.02,21
34.149,32.9877,1,32.9877,21
34.155,30.9361,93,2877.06,21
34.156,30.9361,93,2877.06,21
34.157,30.9361,93,2877.06,21
34.158,30.9999,40,1240,21
34.162,30.3804,93,2825.38,21
34.172,35.1681,3,105.504,21
34.249,32.9877,1,32.9877,21
34.255,30.9361,93,2877.06,21
34.256,31.0676,91,2827.15,21
34.263,37.1699,3,111.51,21
34.349,32.9877,1,32.9877,21
34.355,30.9361,93,2877.06,21
34.356,30.9361,93,2877.06,21
34.357,30.9361,93,2877.06,21
34.358,30.7838,57,1754.67,21
34.367,37.1699,3,111.51,21
34.449,32.9877,1,32.9877,21
34.455,30.9361,93,2877.06,21
34.456,30.9361,93,2877.06,21
34.457,30.9361,93,2877.06,21
34.458,30.9361,93,2877.06,21
34.459,31.1649,75,2337.37,21
34.467,37.1699,3,111.51,21
34.549,32.9877,1,32.9877,21
34.555,31.4272,24,754.253,21
34.56,37.1699,3,111.51,21
34.649,32.9877,1,32.9877,21
34.655,30.9361,93,2877.06,21
34.656,30.9361,93,2877.06,21
34.657,30.9361,93,2877.06,21
34.658,30.9361,93,2877.06,21
34.659,30.9361,93,2877.06,21
34.66,29.24,6,175.44,21
34.666,37.1699,3,111.51,21
34.749,32.9877,1,32.9877,21
34.755,30.7439,14,430.415,21
34.766,37.1699,3,111.51,21
34.849,32.9877,1,32.9877,21
34.855,30.9361,93,2877.06,21
34.856,31.176,86,2681.14,21
34.861,37.1699,3,111.51,21
34.949,32.9877,1,32.9877,21
34.955,30.9361,93,2877.06,21
34.956,31.1649,75,2337.37,21
34.963,37.1699,3,111.51,21
35.049,35.8007,1,35.8007,21
35.055,33.0076,95,3135.72,21
35.056,33.0076,95,3135.72,21
35.057,33.0076,95,3135.72,21
35.058,33.0076,95,3135.72,21
35.059,33.1516,91,3016.79,21
35.062,33.0367,95,3138.49,21
35.063,33.0367,95,3138.49,21
35.068,36.9193,3,110.758,21
35.149,35.8007,1,35.8007,21
35.155,33.2827,97,3228.42,21
35.156,33.2827,97,3228.42,21
35.157,33.2827,97,3228.42,21
35.158,33.4252,69,2306.34,21
35.165,38.5503,3,115.651,21
35.249,35.8007,1,35.8007,21
35.255,33.2897,54,1797.64,21
35.266,41.2667,3,123.8,21
35.349,35.8007,1,35.8007,21
35.355,33.2827,97,3228.42,21
35.356,33.2827,97,3228.42,21
35.357,33.5338,76,2548.57,21
35.368,41.2667,3,123.8,21
35.449,35.8007,1,35.8007,21
35.455,33.2827,97,3228.42,21
35.456,33.2827,97,3228.42,21
35.457,33.3079,56,1865.24,21
35.463,41.2667,3,123.8,21
35.549,35.8007,1,35.8007,21
35.555,33.4465,24,802.717,21
35.563,41.2667,3,123.8,21
35.649,35.8007,1,35.8007,21
35.655,33.2827,97,3228.42,21
35.656,33.2827,97,3228.42,21
35.657,33.2827,97,3228.42,21
35.658,33.2827,97,3228.42,21
35.659,33.2176,53,1760.53,21
35.664,41.2667,3,123.8,21
35.749,35.8007,1,35.8007,21
35.755,33.2827,97,3228.42,21
35.756,33.2827,97,3228.42,21
35.757,33.2827,97,3228.42,21
35.758,33.2827,97,3228.42,21
35.759,33.391,13,434.083,21
35.766,41.2667,3,123.8,21
35.849,35.8007,1,35.8007,21
35.855,33.7175,31,1045.24,21
35.86,41.2667,3,123.8,21
35.949,35.8007,1,35.8007,21
35.955,33.2827,97,3228.42,21
35.956,33.2827,97,3228.42,21
35.957,33.2827,97,3228.42,21
35.958,33.2827,97,3228.42,21
35.959,33.459,83,2777.09,21
35.964,41.2667,3,123.8,21
36.049,33.6768,1,33.6768,21
36.055,30.6346,97,2971.55,21
36.056,30.6346,97,2971.55,21
36.057,30.867,79,2438.49,21
36.061,30.9043,97,2997.72,21
36.062,30.9043,97,2997.72,21
36.063,31.0394,79,2452.12,21
36.068,46.7587,3,140.276,21
36.149,33.6768,1,33.6768,21
36.155,31.6253,93,2941.15,21
36.156,31.6253,93,2941.15,21
36.157,31.6253,93,2941.15,21
36.158,31.6253,93,2941.15,21
36.159,31.6253,93,2941.15,21
36.16,29.9291,6,179.575,21
36.165,45.4737,3,136.421,21
36.249,33.6768,1,33.6768,21
36.255,31.6253,93,2941.15,21
36.256,31.6253,93,2941.15,21
36.257,31.6253,93,2941.15,21
36.258,31.8407,74,2356.21,21
36.263,45.5489,3,136.647,21
36.349,33.6768,1,33.6768,21
36.355,32.0396,29,929.149,21
36.36,45.5489,3,136.647,21
36.449,33.6768,1,33.6768,21
36.455,32.1856,33,1062.13,21
36.463,45.5489,3,136.647,21
36.549,33.6768,1,33.6768,21
36.555,31.6253,93,2941.15,21
36.556,31.6253,93,2941.15,21
36.557,31.6253,93,2941.15,21
36.558,32.2588,34,1096.8,21
36.563,45.5489,3,136.647,21
36.649,33.6768,1,33.6768,21
36.655,31.6253,93,2941.15,21
36.656,31.6253,93,2941.15,21
36.657,31.6253,93,2941.15,21
36.658,31.6987,65,2060.42,21
36.669,45.5489,3,136.647,21
36.749,33.6768,1,33.6768,21
36.755,31.6253,93,2941.15,21
36.756,31.6253,93,2941.15,21
36.757,31.6253,93,2941.15,21
36.758,31.5591,42,1325.48,21
36.763,45.5489,3,136.647,21
36.849,33.6768,1,33.6768,21
36.855,31.6253,93,2941.15,21
36.856,31.5343,58,1828.99,21
36.862,45.5489,3,136.647,21
36.949,33.6768,1,33.6768,21
36.955,31.9922,30,959.767,21
36.96,45.5489,3,136.647,21
37.049,24.7013,1,24.7013,21
37.055,22.2675,71,1580.99,21
37.056,22.2675,71,1580.99,21
37.057,22.7507,62,1410.55,21
37.061,22.1734,71,1574.31,21
37.062,22.1734,71,1574.31,21
37.063,22.2444,62,1379.15,21
37.076,40.1001,3,120.3,21
37.149,24.7013,1,24.7013,21
37.155,23.753,81,1924,21
37.156,23.753,81,1924,21
37.157,23.753,81,1924,21
37.158,23.753,81,1924,21
37.159,23.753,81,1924,21
37.16,23.753,81,1924,21
37.161,24.1431,5,120.716,21
37.168,37.0484,3,111.145,21
37.249,24.7013,1,24.7013,21
37.255,23.753,81,1924,21
37.256,23.753,81,1924,21
37.257,23.753,81,1924,21
37.258,23.753,81,1924,21
37.259,23.753,81,1924,21
37.26,23.753,81,1924,21
37.261,23.9139,54,1291.35,21
37.263,22.0831,81,1788.74,21
37.269,22.0831,81,1788.74,21
37.278,39.2529,3,117.759,21
37.349,24.7013,1,24.7013,21
37.355,23.753,81,1924,21
37.356,23.753,81,1924,21
37.357,23.753,81,1924,21
37.358,24.0798,61,1468.87,21
37.37,39.2529,3,117.759,21
37.449,24.7013,1,24.7013,21
37.455,23.753,81,1924,21
37.456,23.753,81,1924,21
37.457,23.753,81,1924,21
37.458,23.6585,41,969.997,21
37.463,22.0831,81,1788.74,21
37.468,39.2529,3,117.759,21
37.549,24.7013,1,24.7013,21
37.555,23.753,81,1924,21
37.556,23.753,81,1924,21
37.557,23.753,81,1924,21
37.558,24.7013,1,24.7013,21
37.563,39.2529,3,117.759,21
37.649,24.7013,1,24.7013,21
37.655,23.753,81,1924,21
37.656,23.753,81,1924,21
37.657,23.753,81,1924,21
37.658,24.1993,22,532.385,21
37.663,39.2529,3,117.759,21
37.749,24.7013,1,24.7013,21
37.755,23.753,81,1924,21
37.756,23.753,81,1924,21
37.757,23.753,81,1924,21
37.758,23.8889,44,1051.11,21
37.767,39.2529,3,117.759,21
37.849,24.7013,1,24.7013,21
37.855,23.753,81,1924,21
37.856,23.753,81,1924,21
37.857,23.91,20,478.199,21
37.862,39.2529,3,117.759,21
37.949,24.7013,1,24.7013,21
37.955,23.753,81,1924,21
37.956,23.753,81,1924,21
37.957,23.753,81,1924,21
37.958,23.753,81,1924,21
37.959,23.753,81,1924,21
37.96,23.753,81,1924,21
37.961,23.9139,54,1291.35,21
37.966,39.2529,3,117.759,21
38.049,32.8007,1,32.8007,21
38.055,29.915,88,2632.52,21
38.056,29.915,88,2632.52,21
38.057,29.915,88,2632.52,21
38.058,29.915,88,2632.52,21
38.059,29.915,88,2632.52,21
38.06,30.6603,31,950.47,21
38.061,30.1593,88,2654.02,21
38.062,30.1593,88,2654.02,21
38.063,30.1593,88,2654.02,21
38.064,30.1593,88,2654.02,21
38.065,30.1593,88,2654.02,21
38.066,30.7175,31,952.242,21
38.073,49.6002,3,148.801,21
38.149,32.8007,1,32.8007,21
38.155,30.7492,93,2859.68,21
38.156,30.9974,87,2696.77,21
38.179,51.6241,3,154.872,21
38.249,32.8007,1,32.8007,21
38.255,30.7492,93,2859.68,21
38.256,30.7492,93,2859.68,21
38.257,30.7492,93,2859.68,21
38.258,30.7492,93,2859.68,21
38.259,30.7492,93,2859.68,21
38.26,29.7482,5,148.741,21
38.267,53.5958,3,160.787,21
38.349,32.8007,1,32.8007,21
38.355,30.7492,93,2859.68,21
38.356,30.7492,93,2859.68,21
38.357,28.6712,3,86.0136,21
38.363,53.5958,3,160.787,21
38.449,32.8007,1,32.8007,21
38.455,30.7492,93,2859.68,21
38.456,30.7492,93,2859.68,21
38.457,30.9935,73,2262.53,21
38.465,53.5958,3,160.787,21
38.549,32.8007,1,32.8007,21
38.555,30.7492,93,2859.68,21
38.556,30.7492,93,2859.68,21
38.557,30.7492,93,2859.68,21
38.558,30.2016,10,302.016,21
38.564,53.5958,3,160.787,21
38.649,32.8007,1,32.8007,21
38.655,30.7492,93,2859.68,21
38.656,30.7492,93,2859.68,21
38.657,30.7492,93,2859.68,21
38.658,30.7492,93,2859.68,21
38.659,30.7492,93,2859.68,21
38.66,29.053,6,174.318,21
38.665,30.1935,93,2807.99,21
38.676,53.5958,3,160.787,21
38.749,32.8007,1,32.8007,21
38.755,30.7492,93,2859.68,21
38.756,30.7492,93,2859.68,21
38.757,30.7492,93,2859.68,21
38.758,30.7492,93,2859.68,21
38.759,30.7492,93,2859.68,21
38.76,29.053,6,174.318,21
38.768,53.5958,3,160.787,21
38.849,32.8007,1,32.8007,21
38.855,30.7492,93,2859.68,21
38.856,30.7492,93,2859.68,21
38.857,31.3512,27,846.482,21
38.867,53.5958,3,160.787,21
38.949,32.8007,1,32.8007,21
38.955,30.7492,93,2859.68,21
38.956,30.9891,86,2665.06,21
38.962,53.5958,3,160.787,21
39.049,12.5635,1,12.5635,21
39.055,12.5975,70,881.827,21
39.056,12.5975,70,881.827,21
39.057,12.5975,70,881.827,21
39.058,12.5975,70,881.827,21
39.059,12.6108,47,592.709,21
39.061,12.974,70,908.178,21
39.062,12.974,70,908.178,21
39.063,12.974,70,908.178,21
39.064,12.974,70,908.178,21
39.065,12.8623,47,604.528,21
39.068,12.974,70,908.178,21
39.075,38.4666,3,115.4,21
39.149,15.5587,1,15.5587,21
39.155,14.8085,19,281.361,21
39.162,42.2897,3,126.869,21
39.249,15.5587,1,15.5587,21
39.255,14.7673,20,295.345,21
39.263,44.2005,3,132.601,21
39.349,15.5587,1,15.5587,21
39.355,15.1535,73,1106.2,21
39.356,15.1535,73,1106.2,21
39.357,14.6293,16,234.068,21
39.363,44.2005,3,132.601,21
39.449,15.5587,1,15.5587,21
39.455,15.1535,73,1106.2,21
39.456,14.9605,29,433.854,21
39.463,44.2005,3,132.601,21
39.549,15.5587,1,15.5587,21
39.555,15.1535,73,1106.2,21
39.556,15.2932,56,856.417,21
39.566,44.2005,3,132.601,21
39.649,15.5587,1,15.5587,21
39.655,15.1535,73,1106.2,21
39.656,15.1535,73,1106.2,21
39.657,15.1535,73,1106.2,21
39.658,15.1535,73,1106.2,21
39.659,15.1535,73,1106.2,21
39.66,15.1535,73,1106.2,21
39.661,15.1535,73,1106.2,21
39.662,13.1398,73,959.206,21
39.663,15.1535,73,1106.2,21
39.664,15.1535,73,1106.2,21
39.665,15.1535,73,1106.2,21
39.666,14.8404,26,385.85,21
39.671,13.1398,73,959.206,21
39.68,44.2005,3,132.601,21
39.749,15.5587,1,15.5587,21
39.755,15.1535,73,1106.2,21
39.756,15.1535,73,1106.2,21
39.757,15.1535,73,1106.2,21
39.758,15.1535,73,1106.2,21
39.759,15.1535,73,1106.2,21
39.76,14.9278,31,462.762,21
39.764,13.1398,73,959.206,21
39.766,13.4754,31,417.738,21
39.772,44.2005,3,132.601,21
39.849,15.5587,1,15.5587,21
39.855,15.1535,73,1106.2,21
39.856,15.1535,73,1106.2,21
39.857,15.1535,73,1106.2,21
39.858,15.1535,73,1106.2,21
39.859,15.1535,73,1106.2,21
39.86,15.1535,73,1106.2,21
39.861,15.1535,73,1106.2,21
39.862,15.1535,73,1106.2,21
39.863,15.1535,73,1106.2,21
39.864,15.1535,73,1106.2,21
39.865,14.8404,26,385.85,21
39.866,13.1398,73,959.206,21
39.873,44.2005,3,132.601,21
39.949,15.5587,1,15.5587,21
39.955,15.1535,73,1106.2,21
39.956,15.1535,73,1106.2,21
39.957,15.1535,73,1106.2,21
39.958,15.1535,73,1106.2,21
39.959,15.1535,73,1106.2,21
39.96,15.1535,73,1106.2,21
39.961,15.1535,73,1106.2,21
39.962,13.1398,73,959.206,21
39.963,15.1535,73,1106.2,21
39.964,15.1535,73,1106.2,21
39.965,15.1535,73,1106.2,21
39.966,14.8404,26,385.85,21
39.967,13.1398,73,959.206,21
39.978,44.2005,3,132.601,21
40.049,28.9205,1,28.9205,21
40.055,25.7157,85,2185.84,21
40.061,26.2559,85,2231.75,21
40.067,26.2559,85,2231.75,21
40.074,56.7867,3,170.36,21
40.149,28.9205,1,28.9205,21
40.155,27.8957,82,2287.45,21
40.156,26.9206,11,296.127,21
40.162,58.4592,3,175.377,21
40.249,28.9205,1,28.9205,21
40.255,27.9346,46,1284.99,21
40.262,57.1647,3,171.494,21
40.349,28.9205,1,28.9205,21
40.355,27.8957,82,2287.45,21
40.356,27.9604,49,1370.06,21
40.366,57.1647,3,171.494,21
40.449,28.9205,1,28.9205,21
40.455,27.8957,82,2287.45,21
40.456,27.8957,82,2287.45,21
40.457,27.8957,82,2287.45,21
40.458,27.8957,82,2287.45,21
40.459,27.8957,82,2287.45,21
40.46,28.1789,61,1718.91,21
40.467,57.1647,3,171.494,21
40.549,28.9205,1,28.9205,21
40.555,27.8957,82,2287.45,21
40.556,27.7305,42,1164.68,21
40.562,57.1647,3,171.494,21
40.649,28.9205,1,28.9205,21
40.655,27.8957,82,2287.45,21
40.656,27.9591,31,866.732,21
40.667,57.1647,3,171.494,21
40.749,28.9205,1,28.9205,21
40.755,27.8957,82,2287.45,21
40.756,27.8957,82,2287.45,21
40.757,27.8087,28,778.642,21
40.765,57.1647,3,171.494,21
40.849,28.9205,1,28.9205,21
40.855,27.8957,82,2287.45,21
40.856,27.8957,82,2287.45,21
40.857,27.8957,82,2287.45,21
40.858,27.8957,82,2287.45,21
40.859,27.8957,82,2287.45,21
40.86,28.1789,61,1718.91,21
40.87,57.1647,3,171.494,21
40.949,28.9205,1,28.9205,21
40.955,27.8957,82,2287.45,21
40.956,27.8957,82,2287.45,21
40.957,27.8957,82,2287.45,21
40.958,27.8957,82,2287.45,21
40.959,27.8957,82,2287.45,21
40.96,28.1789,61,1718.91,21
40.966,57.1647,3,171.494,21
41.049,19.2772,1,19.2772,21
41.055,16.2437,82,1331.99,21
41.056,16.2437,82,1331.99,21
41.057,16.2437,82,1331.99,21
41.058,16.2437,82,1331.99,21
41.059,16.2437,82,1331.99,21
41.06,16.2437,82,1331.99,21
41.061,16.6178,82,1362.66,21
41.062,16.6178,82,1362.66,21
41.063,16.6178,82,1362.66,21
41.064,16.6178,82,1362.66,21
41.065,16.6178,82,1362.66,21
41.066,16.6178,82,1362.66,21
41.067,16.2437,82,1331.99,21
41.068,16.2437,82,1331.99,21
41.069,17.7796,2,35.5592,21
41.073,16.6178,82,1362.66,21
41.074,16.6178,82,1362.66,21
41.08,16.6178,82,1362.66,21
41.088,52.3931,3,157.179,21
41.149,19.2772,1,19.2772,21
41.155,18.4027,80,1472.21,21
41.156,18.4027,80,1472.21,21
41.157,18.4027,80,1472.21,21
41.158,18.4027,80,1472.21,21
41.159,18.4027,80,1472.21,21
41.16,18.4027,80,1472.21,21
41.161,18.4027,80,1472.21,21
41.162,18.4027,80,1472.21,21
41.163,18.6112,18,335.002,21
41.17,47.3543,3,142.063,21
41.249,19.2772,1,19.2772,21
41.255,18.4027,80,1472.21,21
41.256,18.4027,80,1472.21,21
41.257,18.6702,75,1400.27,21
41.262,52.2145,3,156.644,21
41.349,19.2772,1,19.2772,21
41.355,18.4027,80,1472.21,21
41.356,18.4027,80,1472.21,21
41.357,18.4027,80,1472.21,21
41.358,18.4988,17,314.48,21
41.362,16.6623,80,1332.99,21
41.369,52.2145,3,156.644,21
41.449,19.2772,1,19.2772,21
41.455,18.4027,80,1472.21,21
41.456,18.4027,80,1472.21,21
41.457,18.4027,80,1472.21,21
41.458,18.4027,80,1472.21,21
41.459,18.4027,80,1472.21,21
41.46,18.4027,80,1472.21,21
41.461,18.4027,80,1472.21,21
41.462,18.2801,6,109.681,21
41.468,52.2145,3,156.644,21
41.549,19.2772,1,19.2772,21
41.555,18.4027,80,1472.21,21
41.556,18.4027,80,1472.21,21
41.557,18.4027,80,1472.21,21
41.558,18.4027,80,1472.21,21
41.559,18.4227,14,257.917,21
41.568,52.2145,3,156.644,21
41.649,19.2772,1,19.2772,21
41.655,18.4027,80,1472.21,21
41.656,18.4027,80,1472.21,21
41.657,18.4027,80,1472.21,21
41.658,18.4027,80,1472.21,21
41.659,18.4027,80,1472.21,21
41.66,18.4027,80,1472.21,21
41.661,18.4027,80,1472.21,21
41.662,17.2384,3,51.7152,21
41.668,52.2145,3,156.644,21
41.749,19.2772,1,19.2772,21
41.755,18.4027,80,1472.21,21
41.756,18.4027,80,1472.21,21
41.757,18.4027,80,1472.21,21
41.758,18.4027,80,1472.21,21
41.759,18.7481,61,1143.63,21
41.766,52.2145,3,156.644,21
41.849,19.2772,1,19.2772,21
41.855,18.4027,80,1472.21,21
41.856,18.4027,80,1472.21,21
41.857,18.5757,47,873.058,21
41.862,52.2145,3,156.644,21
41.949,19.2772,1,19.2772,21
41.955,18.4027,80,1472.21,21
41.956,18.4027,80,1472.21,21
41.957,18.4027,80,1472.21,21
41.958,18.4027,80,1472.21,21
41.959,18.7058,58,1084.94,21
41.967,52.2145,3,156.644,21
42.049,20.6162,1,20.6162,21
42.055,17.8663,75,1339.97,21
42.056,17.8663,75,1339.97,21
42.057,17.8663,75,1339.97,21
42.058,17.8663,75,1339.97,21
42.059,17.8663,75,1339.97,21
42.06,17.8663,75,1339.97,21
42.061,18.0868,75,1356.51,21
42.062,18.0868,75,1356.51,21
42.063,18.0868,75,1356.51,21
42.064,18.0868,75,1356.51,21
42.065,18.0868,75,1356.51,21
42.066,18.0868,75,1356.51,21
42.067,17.8663,75,1339.97,21
42.068,17.9128,74,1325.55,21
42.07,18.0868,75,1356.51,21
42.073,18.0868,75,1356.51,21
42.074,18.2314,74,1349.12,21
42.081,40.6949,3,122.085,21
42.149,20.6162,1,20.6162,21
42.155,20.211,73,1475.4,21
42.156,19.8391,37,734.047,21
42.164,40.087,3,120.261,21
42.249,20.6162,1,20.6162,21
42.255,20.211,73,1475.4,21
42.256,20.211,73,1475.4,21
42.257,20.211,73,1475.4,21
42.258,20.211,73,1475.4,21
42.259,20.211,73,1475.4,21
42.26,20.211,73,1475.4,21
42.261,20.211,73,1475.4,21
42.262,20.1566,46,927.203,21
42.269,42.6593,3,127.978,21
42.349,20.6162,1,20.6162,21
42.355,20.211,73,1475.4,21
42.356,20.211,73,1475.4,21
42.357,20.211,73,1475.4,21
42.358,20.211,73,1475.4,21
42.359,20.211,73,1475.4,21
42.36,20.211,73,1475.4,21
42.361,20.211,73,1475.4,21
42.362,20.211,73,1475.4,21
42.363,19.5905,15,293.857,21
42.37,42.6593,3,127.978,21
42.449,20.6162,1,20.6162,21
42.455,20.211,73,1475.4,21
42.456,19.6192,6,117.715,21
42.463,42.6593,3,127.978,21
42.549,20.6162,1,20.6162,21
42.555,20.211,73,1475.4,21
42.556,20.211,73,1475.4,21
42.557,20.211,73,1475.4,21
42.558,20.211,73,1475.4,21
42.559,20.211,73,1475.4,21
42.56,20.211,73,1475.4,21
42.561,20.211,73,1475.4,21
42.562,20.211,73,1475.4,21
42.563,19.5905,15,293.857,21
42.57,42.6593,3,127.978,21
42.649,20.6162,1,20.6162,21
42.655,20.211,73,1475.4,21
42.656,19.8932,33,656.477,21
42.662,42.6593,3,127.978,21
42.749,20.6162,1,20.6162,21
42.755,19.8968,7,139.278,21
42.763,42.6593,3,127.978,21
42.849,20.6162,1,20.6162,21
42.855,20.211,73,1475.4,21
42.856,20.211,73,1475.4,21
42.857,20.211,73,1475.4,21
42.858,20.211,73,1475.4,21
42.859,20.211,73,1475.4,21
42.86,20.0338,23,460.778,21
42.866,42.6593,3,127.978,21
42.949,20.6162,1,20.6162,21
42.955,20.211,73,1475.4,21
42.956,20.211,73,1475.4,21
42.957,20.211,73,1475.4,21
42.958,20.211,73,1475.4,21
42.959,20.211,73,1475.4,21
42.96,20.211,73,1475.4,21
42.961,20.211,73,1475.4,21
42.962,18.5774,3,55.7323,21
42.968,42.6593,3,127.978,21
43.049,28.625,1,28.625,21
43.055,25.626,80,2050.08,21
43.056,25.8915,71,1838.3,21
43.061,26.0101,80,2080.81,21
43.062,26.097,71,1852.89,21
43.072,48.5707,3,145.712,21
43.149,28.625,1,28.625,21
43.155,27.8187,28,778.923,21
43.16,49.3713,3,148.114,21
43.249,28.625,1,28.625,21
43.255,27.6767,81,2241.81,21
43.256,27.6767,81,2241.81,21
43.257,27.6767,81,2241.81,21
43.258,27.6767,81,2241.81,21
43.259,27.6767,81,2241.81,21
43.26,27.9406,66,1844.08,21
43.265,47.6648,3,142.994,21
43.349,28.625,1,28.625,21
43.355,27.9127,50,1395.63,21
43.362,47.6648,3,142.994,21
43.449,28.625,1,28.625,21
43.455,27.6767,81,2241.81,21
43.456,27.6767,81,2241.81,21
43.457,27.6767,81,2241.81,21
43.458,27.6767,81,2241.81,21
43.459,27.6767,81,2241.81,21
43.46,27.9406,66,1844.08,21
43.466,47.6648,3,142.994,21
43.549,28.625,1,28.625,21
43.555,27.4531,8,219.625,21
43.56,47.6648,3,142.994,21
43.649,28.625,1,28.625,21
43.655,27.7474,80,2219.79,21
43.66,47.6648,3,142.994,21
43.749,28.625,1,28.625,21
43.755,27.6913,42,1163.03,21
43.765,47.6648,3,142.994,21
43.849,28.625,1,28.625,21
43.855,27.6767,81,2241.81,21
43.856,27.6767,81,2241.81,21
43.857,27.6767,81,2241.81,21
43.858,27.6767,81,2241.81,21
43.859,27.6767,81,2241.81,21
43.86,27.9406,66,1844.08,21
43.867,47.6648,3,142.994,21
43.949,28.625,1,28.625,21
43.955,27.6767,81,2241.81,21
43.956,27.6913,42,1163.03,21
43.963,47.6648,3,142.994,21
44.049,42.8015,1,42.8015,21
44.055,39.8633,99,3946.47,21
44.056,41.3039,2,82.6078,21
44.064,47.306,3,141.918,21
44.149,42.8015,1,42.8015,21
44.155,39.8896,100,3988.96,21
44.156,39.8896,100,3988.96,21
44.157,39.8896,100,3988.96,21
44.158,39.8896,100,3988.96,21
44.159,40.1071,58,2326.21,21
44.168,49.0397,3,147.119,21
44.249,42.8015,1,42.8015,21
44.255,39.8896,100,3988.96,21
44.256,40.1777,92,3696.35,21
44.261,50.5399,3,151.62,21
44.349,42.8015,1,42.8015,21
44.355,40.4166,74,2990.83,21
44.361,50.5399,3,151.62,21
44.449,42.8015,1,42.8015,21
44.455,39.8896,100,3988.96,21
44.456,40.1049,91,3649.54,21
44.463,50.5399,3,151.62,21
44.549,42.8015,1,42.8015,21
44.555,40.1434,46,1846.6,21
44.564,50.5399,3,151.62,21
44.649,42.8015,1,42.8015,21
44.655,40.0338,56,2241.89,21
44.66,50.5399,3,151.62,21
44.749,42.8015,1,42.8015,21
44.755,39.8896,100,3988.96,21
44.756,39.8896,100,3988.96,21
44.757,40.4473,24,970.735,21
44.762,50.5399,3,151.62,21
44.849,42.8015,1,42.8015,21
44.855,39.8896,100,3988.96,21
44.856,39.8896,100,3988.96,21
44.857,39.8896,100,3988.96,21
44.858,39.8896,100,3988.96,21
44.859,40.6385,15,609.578,21
44.866,50.5399,3,151.62,21
44.949,42.8015,1,42.8015,21
44.955,39.8896,100,3988.96,21
44.956,39.8896,100,3988.96,21
44.957,39.8896,100,3988.96,21
44.958,39.8896,100,3988.96,21
44.959,40.1071,58,2326.21,21
44.965,40.1071,58,2326.21,21
44.97,50.5399,3,151.62,21
45.049,25.0457,1,25.0457,21
45.055,25.0349,86,2153,21
45.056,25.0349,86,2153,21
45.057,25.0349,86,2153,21
45.058,25.0349,86,2153,21
45.059,25.0349,86,2153,21
45.06,25.0349,86,2153,21
45.061,25.2898,86,2174.92,21
45.062,25.2898,86,2174.92,21
45.063,25.2898,86,2174.92,21
45.064,25.2898,86,2174.92,21
45.065,25.2898,86,2174.92,21
45.066,25.2898,86,2174.92,21
45.067,25.2898,86,2174.92,21
45.068,26.0062,24,624.149,21
45.074,25.6867,24,616.48,21
45.08,51.4987,3,154.496,21
45.149,28.0408,1,28.0408,21
45.155,27.2389,79,2151.87,21
45.156,27.2389,79,2151.87,21
45.157,27.2389,79,2151.87,21
45.158,27.1382,36,976.977,21
45.165,49.5343,3,148.603,21
45.249,28.0408,1,28.0408,21
45.255,27.4585,23,631.545,21
45.263,52.0426,3,156.128,21
45.349,28.0408,1,28.0408,21
45.355,27.2389,79,2151.87,21
45.356,27.2389,79,2151.87,21
45.357,27.2389,79,2151.87,21
45.358,27.2389,79,2151.87,21
45.359,27.2389,79,2151.87,21
45.36,27.3723,76,2080.29,21
45.365,52.0426,3,156.128,21
45.449,28.0408,1,28.0408,21
45.455,27.2389,79,2151.87,21
45.456,27.2389,79,2151.87,21
45.457,27.5127,59,1623.25,21
45.475,52.0426,3,156.128,21
45.549,28.0408,1,28.0408,21
45.555,27.2389,79,2151.87,21
45.556,27.2389,79,2151.87,21
45.557,27.2389,79,2151.87,21
45.558,27.2389,79,2151.87,21
45.559,27.2389,79,2151.87,21
45.56,27.3723,76,2080.29,21
45.566,52.0426,3,156.128,21
45.649,28.0408,1,28.0408,21
45.655,27.2389,79,2151.87,21
45.656,27.1382,36,976.977,21
45.661,52.0426,3,156.128,21
45.749,28.0408,1,28.0408,21
45.755,27.2389,79,2151.87,21
45.756,27.2389,79,2151.87,21
45.757,27.2389,79,2151.87,21
45.758,27.2389,79,2151.87,21
45.759,27.2389,79,2151.87,21
45.76,27.5196,24,660.471,21
45.769,52.0426,3,156.128,21
45.849,28.0408,1,28.0408,21
45.855,27.2389,79,2151.87,21
45.856,27.2389,79,2151.87,21
45.857,27.2389,79,2151.87,21
45.858,27.2389,79,2151.87,21
45.859,27.4872,64,1759.18,21
45.871,52.0426,3,156.128,21
45.949,28.0408,1,28.0408,21
45.955,27.4067,56,1534.77,21
45.96,52.0426,3,156.128,21
46.049,31.4029,1,31.4029,21
46.055,28.4277,84,2387.93,21
46.056,28.4277,84,2387.93,21
46.057,28.4277,84,2387.93,21
46.058,28.5683,36,1028.46,21
46.061,28.7325,84,2413.53,21
46.062,28.7325,84,2413.53,21
46.063,28.7325,84,2413.53,21
46.064,29.2009,36,1051.23,21
46.07,57.3458,3,172.037,21
46.149,31.4029,1,31.4029,21
46.155,29.8348,88,2625.46,21
46.156,29.8348,88,2625.46,21
46.157,29.8348,88,2625.46,21
46.158,28.9931,13,376.911,21
46.167,57.1516,3,171.455,21
46.249,31.4029,1,31.4029,21
46.255,29.8348,88,2625.46,21
46.256,29.8348,88,2625.46,21
46.257,29.8348,88,2625.46,21
46.258,30.2826,26,787.348,21
46.263,61.5235,3,184.57,21
46.349,31.4029,1,31.4029,21
46.355,30.2826,26,787.348,21
46.361,61.5235,3,184.57,21
46.449,31.4029,1,31.4029,21
46.455,29.8348,88,2625.46,21
46.456,29.8348,88,2625.46,21
46.457,29.8348,88,2625.46,21
46.458,29.8348,88,2625.46,21
46.459,29.2399,15,438.599,21
46.464,61.5235,3,184.57,21
46.549,31.4029,1,31.4029,21
46.555,29.8348,88,2625.46,21
46.556,29.8348,88,2625.46,21
46.557,29.8348,88,2625.46,21
46.558,29.8348,88,2625.46,21
46.559,29.8348,88,2625.46,21
46.56,29.9902,31,929.696,21
46.566,61.5235,3,184.57,21
46.649,31.4029,1,31.4029,21
46.655,29.8348,88,2625.46,21
46.656,29.8348,88,2625.46,21
46.657,29.8348,88,2625.46,21
46.658,29.8348,88,2625.46,21
46.659,29.8348,88,2625.46,21
46.66,29.9902,31,929.696,21
46.661,28.7614,88,2531,21
46.666,61.5235,3,184.57,21
46.749,31.4029,1,31.4029,21
46.755,29.9095,63,1884.3,21
46.761,61.5235,3,184.57,21
46.849,31.4029,1,31.4029,21
46.855,29.8348,88,2625.46,21
46.856,29.5203,17,501.845,21
46.861,61.5235,3,184.57,21
46.949,31.4029,1,31.4029,21
46.955,29.6208,39,1155.21,21
46.961,61.5235,3,184.57,21
47.049,35.2694,1,35.2694,21
47.055,32.4763,95,3085.25,21
47.056,32.4763,95,3085.25,21
47.057,32.4763,95,3085.25,21
47.058,32.4763,95,3085.25,21
47.059,32.6203,91,2968.44,21
47.061,32.5054,95,3088.01,21
47.066,55.882,3,167.646,21
47.149,35.2694,1,35.2694,21
47.155,33.2482,60,1994.89,21
47.16,47.0802,3,141.241,21
47.249,35.2694,1,35.2694,21
47.255,32.8714,96,3155.66,21
47.256,32.8714,96,3155.66,21
47.257,32.8714,96,3155.66,21
47.258,32.8714,96,3155.66,21
47.259,33.0032,87,2871.27,21
47.264,54.2308,3,162.692,21
47.349,35.2694,1,35.2694,21
47.355,32.8714,96,3155.66,21
47.356,32.6702,10,326.702,21
47.365,54.2308,3,162.692,21
47.449,35.2694,1,35.2694,21
47.455,32.8714,96,3155.66,21
47.456,32.8714,96,3155.66,21
47.457,32.8714,96,3155.66,21
47.458,33.1586,47,1558.46,21
47.463,54.2308,3,162.692,21
47.549,35.2694,1,35.2694,21
47.555,33.0655,57,1884.73,21
47.56,54.2308,3,162.692,21
47.649,35.2694,1,35.2694,21
47.655,32.8714,96,3155.66,21
47.656,32.8714,96,3155.66,21
47.657,32.8714,96,3155.66,21
47.658,32.8714,96,3155.66,21
47.659,33.0032,87,2871.27,21
47.67,54.2308,3,162.692,21
47.749,35.2694,1,35.2694,21
47.755,32.8714,96,3155.66,21
47.756,33.1552,49,1624.61,21
47.761,54.2308,3,162.692,21
47.849,35.2694,1,35.2694,21
47.855,33.3749,41,1368.37,21
47.86,54.2308,3,162.692,21
47.949,35.2694,1,35.2694,21
47.955,32.8714,96,3155.66,21
47.956,32.8714,96,3155.66,21
47.957,33.1022,80,2648.17,21
47.966,54.2308,3,162.692,21
48.049,33.6714,1,33.6714,21
48.055,31.2529,59,1843.92,21
48.061,51.2316,3,153.695,21
48.149,33.6714,1,33.6714,21
48.155,31.6198,93,2940.64,21
48.156,31.6198,93,2940.64,21
48.157,31.6198,93,2940.64,21
48.158,31.6198,93,2940.64,21
48.159,31.6198,93,2940.64,21
48.16,29.9237,6,179.542,21
48.165,43.527,3,130.581,21
48.249,33.6714,1,33.6714,21
48.255,31.6198,93,2940.64,21
48.256,31.6198,93,2940.64,21
48.257,31.2655,9,281.389,21
48.265,50.8204,3,152.461,21
48.349,33.6714,1,33.6714,21
48.355,31.7768,41,1302.85,21
48.36,50.8204,3,152.461,21
48.449,33.6714,1,33.6714,21
48.455,31.6198,93,2940.64,21
48.456,31.6198,93,2940.64,21
48.457,31.6198,93,2940.64,21
48.458,31.22,51,1592.22,21
48.463,50.8204,3,152.461,21
48.549,33.6714,1,33.6714,21
48.555,31.6198,93,2940.64,21
48.556,31.6198,93,2940.64,21
48.557,31.7913,85,2702.26,21
48.563,50.8204,3,152.461,21
48.649,33.6714,1,33.6714,21
48.655,31.6198,93,2940.64,21
48.656,31.6198,93,2940.64,21
48.657,31.6198,93,2940.64,21
48.658,31.6719,64,2027,21
48.668,50.8204,3,152.461,21
48.749,33.6714,1,33.6714,21
48.755,31.8254,23,731.985,21
48.76,50.8204,3,152.461,21
48.849,33.6714,1,33.6714,21
48.855,31.6198,93,2940.64,21
48.856,31.6198,93,2940.64,21
48.857,31.6198,93,2940.64,21
48.858,31.7119,61,1934.43,21
48.867,50.8204,3,152.461,21
48.949,33.6714,1,33.6714,21
48.955,31.6198,93,2940.64,21
48.956,31.7888,17,540.41,21
48.961,50.8204,3,152.461,21
49.049,24.7535,1,24.7535,21
49.055,21.6706,79,1711.98,21
49.056,21.6706,79,1711.98,21
49.057,21.6706,79,1711.98,21
49.058,21.6706,79,1711.98,21
49.059,21.6706,79,1711.98,21
49.06,22.403,12,268.836,21
49.061,22.1161,79,1747.17,21
49.062,22.1161,79,1747.17,21
49.063,22.1161,79,1747.17,21
49.064,22.1161,79,1747.17,21
49.065,22.1161,79,1747.17,21
49.067,22.1161,79,1747.17,21
49.075,41.6933,3,125.08,21
49.149,24.7535,1,24.7535,21
49.155,23.7287,82,1945.75,21
49.156,23.7287,82,1945.75,21
49.157,23.7287,82,1945.75,21
49.158,23.7287,82,1945.75,21
49.159,23.7287,82,1945.75,21
49.16,23.7287,82,1945.75,21
49.161,23.7819,48,1141.53,21
49.163,22.0941,82,1811.72,21
49.164,22.0941,82,1811.72,21
49.17,44.5386,3,133.616,21
49.249,24.7535,1,24.7535,21
49.255,23.7287,82,1945.75,21
49.256,23.7287,82,1945.75,21
49.257,23.7287,82,1945.75,21
49.258,23.7287,82,1945.75,21
49.259,23.7287,82,1945.75,21
49.26,22.7536,11,250.29,21
49.267,47.2406,3,141.722,21
49.349,24.7535,1,24.7535,21
49.355,23.7287,82,1945.75,21
49.356,23.7287,82,1945.75,21
49.357,24.0033,66,1584.22,21
49.362,47.2406,3,141.722,21
49.449,24.7535,1,24.7535,21
49.455,23.7287,82,1945.75,21
49.456,23.7287,82,1945.75,21
49.457,23.7287,82,1945.75,21
49.458,23.7287,82,1945.75,21
49.459,23.7287,82,1945.75,21
49.46,23.7287,82,1945.75,21
49.461,23.7819,48,1141.53,21
49.466,47.2406,3,141.722,21
49.549,24.7535,1,24.7535,21
49.555,23.7287,82,1945.75,21
49.556,23.7287,82,1945.75,21
49.557,23.7287,82,1945.75,21
49.558,23.7976,81,1927.61,21
49.566,47.2406,3,141.722,21
49.649,24.7535,1,24.7535,21
49.655,23.7287,82,1945.75,21
49.656,23.7287,82,1945.75,21
49.657,23.7287,82,1945.75,21
49.658,23.7287,82,1945.75,21
49.659,23.7287,82,1945.75,21
49.66,23.7287,82,1945.75,21
49.661,23.7676,46,1093.31,21
49.667,47.2406,3,141.722,21
49.749,24.7535,1,24.7535,21
49.755,23.7287,82,1945.75,21
49.756,23.7287,82,1945.75,21
49.757,23.7287,82,1945.75,21
49.758,23.7287,82,1945.75,21
49.759,23.617,18,425.107,21
49.762,22.0941,82,1811.72,21
49.763,22.0941,82,1811.72,21
49.769,22.0941,82,1811.72,21
49.775,47.2406,3,141.722,21
49.849,24.7535,1,24.7535,21
49.855,23.7287,82,1945.75,21
49.856,23.8533,32,763.306,21
49.866,47.2406,3,141.722,21
49.949,24.7535,1,24.7535,21
49.955,23.7287,82,1945.75,21
49.956,23.7287,82,1945.75,21
49.957,23.7287,82,1945.75,21
49.958,23.8858,69,1648.12,21
49.968,47.2406,3,141.722,21
50.049,35.9309,1,35.9309,21
50.055,33.321,66,2199.18,21
50.061,33.3177,66,2198.97,21
50.068,49.2757,3,147.827,21
50.149,35.9309,1,35.9309,21
50.155,33.4128,97,3241.04,21
50.156,33.6608,78,2625.54,21
50.161,47.8033,3,143.41,21
50.249,35.9309,1,35.9309,21
50.255,33.4128,97,3241.04,21
50.256,33.9284,27,916.066,21
50.261,33.1584,97,3216.36,21
50.268,54.0792,3,162.237,21
50.349,35.9309,1,35.9309,21
50.355,33.4128,97,3241.04,21
50.356,33.4128,97,3241.04,21
50.357,33.4176,51,1704.3,21
50.368,54.0792,3,162.237,21
50.449,35.9309,1,35.9309,21
50.455,33.4128,97,3241.04,21
50.456,33.4128,97,3241.04,21
50.457,33.4128,97,3241.04,21
50.458,33.4128,97,3241.04,21
50.459,33.5891,83,2787.9,21
50.464,54.0792,3,162.237,21
50.549,35.9309,1,35.9309,21
50.555,33.4128,97,3241.04,21
50.556,33.4128,97,3241.04,21
50.557,33.4128,97,3241.04,21
50.558,33.4877,57,1908.8,21
50.563,54.0792,3,162.237,21
50.649,35.9309,1,35.9309,21
50.655,33.5869,92,3090,21
50.665,54.0792,3,162.237,21
50.749,35.9309,1,35.9309,21
50.755,33.4128,97,3241.04,21
50.756,33.4128,97,3241.04,21
50.757,34.1125,36,1228.05,21
50.764,54.0792,3,162.237,21
50.849,35.9309,1,35.9309,21
50.855,33.4128,97,3241.04,21
50.856,33.4128,97,3241.04,21
50.857,33.4128,97,3241.04,21
50.858,33.5929,64,2149.94,21
50.865,54.0792,3,162.237,21
50.949,35.9309,1,35.9309,21
50.955,33.4128,97,3241.04,21
50.956,33.4128,97,3241.04,21
50.957,33.4128,97,3241.04,21
50.958,33.4128,97,3241.04,21
50.959,33.5809,66,2216.34,21
50.971,54.0792,3,162.237,21
51.049,36.5649,1,36.5649,21
51.055,34.0127,41,1394.52,21
51.068,48.7727,3,146.318,21
51.149,36.5649,1,36.5649,21
51.155,33.9214,98,3324.3,21
51.156,33.9214,98,3324.3,21
51.157,34.1591,9,307.432,21
51.162,48.2408,3,144.722,21
51.249,36.5649,1,36.5649,21
51.255,34.1768,23,786.067,21
51.263,50.9981,3,152.994,21
51.349,36.5649,1,36.5649,21
51.355,33.9214,98,3324.3,21
51.356,33.9214,98,3324.3,21
51.357,33.9214,98,3324.3,21
51.358,33.9214,98,3324.3,21
51.359,34.2871,79,2708.68,21
51.362,33.7576,98,3308.24,21
51.367,50.9981,3,152.994,21
51.449,36.5649,1,36.5649,21
51.455,33.9214,98,3324.3,21
51.456,33.9214,98,3324.3,21
51.457,33.9214,98,3324.3,21
51.458,34.1713,22,751.769,21
51.462,33.7576,98,3308.24,21
51.474,50.9981,3,152.994,21
51.549,36.5649,1,36.5649,21
51.555,34.2439,70,2397.07,21
51.568,50.9981,3,152.994,21
51.649,36.5649,1,36.5649,21
51.655,34.2356,86,2944.26,21
51.662,50.9981,3,152.994,21
51.749,36.5649,1,36.5649,21
51.755,33.9214,98,3324.3,21
51.756,33.9214,98,3324.3,21
51.757,34.0539,54,1838.91,21
51.762,50.9981,3,152.994,21
51.849,36.5649,1,36.5649,21
51.855,33.9214,98,3324.3,21
51.856,34.4817,31,1068.93,21
51.863,50.9981,3,152.994,21
51.949,36.5649,1,36.5649,21
51.955,34.1649,88,3006.51,21
51.961,50.9981,3,152.994,21
52.049,36.5055,1,36.5055,21
52.055,33.463,97,3245.91,21
52.056,33.463,97,3245.91,21
52.057,33.463,97,3245.91,21
52.058,33.463,97,3245.91,21
52.059,33.6076,83,2789.43,21
52.062,33.733,97,3272.1,21
52.064,33.733,97,3272.1,21
52.069,52.0698,3,156.209,21
52.149,36.5055,1,36.5055,21
52.155,33.862,98,3318.47,21
52.156,33.862,98,3318.47,21
52.157,33.862,98,3318.47,21
52.158,33.862,98,3318.47,21
52.159,33.8895,12,406.674,21
52.164,46.0367,3,138.11,21
52.249,36.5055,1,36.5055,21
52.255,33.862,98,3318.47,21
52.256,34.1054,88,3001.28,21
52.264,53.6168,3,160.85,21
52.349,36.5055,1,36.5055,21
52.355,33.862,98,3318.47,21
52.356,33.862,98,3318.47,21
52.357,33.862,98,3318.47,21
52.358,33.862,98,3318.47,21
52.359,34.2277,79,2703.99,21
52.364,53.6168,3,160.85,21
52.449,36.5055,1,36.5055,21
52.455,33.862,98,3318.47,21
52.456,33.862,98,3318.47,21
52.457,33.862,98,3318.47,21
52.458,33.862,98,3318.47,21
52.459,34.2277,79,2703.99,21
52.47,53.6168,3,160.85,21
52.549,36.5055,1,36.5055,21
52.555,33.862,98,3318.47,21
52.556,34.1816,67,2290.16,21
52.562,53.6168,3,160.85,21
52.649,36.5055,1,36.5055,21
52.655,34.2277,79,2703.99,21
52.665,53.6168,3,160.85,21
52.749,36.5055,1,36.5055,21
52.755,33.862,98,3318.47,21
52.756,33.862,98,3318.47,21
52.757,33.862,98,3318.47,21
52.758,33.9386,21,712.711,21
52.765,53.6168,3,160.85,21
52.849,36.5055,1,36.5055,21
52.855,33.862,98,3318.47,21
52.856,33.862,98,3318.47,21
52.857,33.862,98,3318.47,21
52.858,33.862,98,3318.47,21
52.859,34.2277,79,2703.99,21
52.868,53.6168,3,160.85,21
52.949,36.5055,1,36.5055,21
52.955,33.8895,12,406.674,21
52.961,53.6168,3,160.85,21
53.049,45.2011,1,45.2011,21
53.055,42.2892,100,4228.92,21
53.056,42.2892,100,4228.92,21
53.057,42.2892,100,4228.92,21
53.058,42.5048,47,1997.72,21
53.063,58.2514,3,174.754,21
53.149,45.2011,1,45.2011,21
53.155,42.9992,36,1547.97,21
53.16,60.2454,3,180.736,21
53.249,45.2011,1,45.2011,21
53.255,42.2892,100,4228.92,21
53.256,42.2892,100,4228.92,21
53.257,42.2892,100,4228.92,21
53.258,42.2892,100,4228.92,21
53.259,42.5068,58,2465.39,21
53.272,63.1492,3,189.447,21
53.349,45.2011,1,45.2011,21
53.355,42.2892,100,4228.92,21
53.356,42.2892,100,4228.92,21
53.357,42.2892,100,4228.92,21
53.358,42.2892,100,4228.92,21
53.359,42.5068,58,2465.39,21
53.364,63.1492,3,189.447,21
53.449,45.2011,1,45.2011,21
53.455,42.2892,100,4228.92,21
53.456,42.6724,43,1834.91,21
53.462,63.1492,3,189.447,21
53.549,45.2011,1,45.2011,21
53.555,42.2892,100,4228.92,21
53.556,42.2892,100,4228.92,21
53.557,42.2892,100,4228.92,21
53.558,43.1413,25,1078.53,21
53.568,63.1492,3,189.447,21
53.649,45.2011,1,45.2011,21
53.655,42.2892,100,4228.92,21
53.656,42.2892,100,4228.92,21
53.657,42.5685,42,1787.88,21
53.666,63.1492,3,189.447,21
53.749,45.2011,1,45.2011,21
53.755,42.2892,100,4228.92,21
53.756,42.2892,100,4228.92,21
53.757,42.4286,7,297,21
53.763,63.1492,3,189.447,21
53.849,45.2011,1,45.2011,21
53.855,42.2892,100,4228.92,21
53.856,42.2892,100,4228.92,21
53.857,42.2892,100,4228.92,21
53.858,42.2892,100,4228.92,21
53.859,42.5068,58,2465.39,21
53.866,63.1492,3,189.447,21
53.949,45.2011,1,45.2011,21
53.955,42.5939,93,3961.23,21
53.961,63.1492,3,189.447,21
54.049,29.4759,1,29.4759,21
54.055,26.3061,84,2209.71,21
54.056,26.3061,84,2209.71,21
54.057,26.3061,84,2209.71,21
54.058,26.3061,84,2209.71,21
54.059,26.3061,84,2209.71,21
54.06,26.938,51,1373.84,21
54.061,26.8055,84,2251.67,21
54.062,26.8055,84,2251.67,21
54.063,26.8055,84,2251.67,21
54.064,26.8055,84,2251.67,21
54.065,26.8055,84,2251.67,21
54.066,26.8357,51,1368.62,21
54.073,44.4506,3,133.352,21
54.149,29.4759,1,29.4759,21
54.155,28.5251,34,969.853,21
54.164,50.419,3,151.257,21
54.249,29.4759,1,29.4759,21
54.255,28.3679,83,2354.53,21
54.256,28.3679,83,2354.53,21
54.257,28.3679,83,2354.53,21
54.258,28.6335,63,1803.91,21
54.263,48.5278,3,145.583,21
54.349,29.4759,1,29.4759,21
54.355,28.5719,61,1742.89,21
54.364,48.5278,3,145.583,21
54.449,29.4759,1,29.4759,21
54.455,28.3679,83,2354.53,21
54.456,28.3679,83,2354.53,21
54.457,28.3679,83,2354.53,21
54.458,28.3679,83,2354.53,21
54.459,28.3679,83,2354.53,21
54.46,28.446,56,1592.97,21
54.475,48.5278,3,145.583,21
54.549,29.4759,1,29.4759,21
54.555,28.3679,83,2354.53,21
54.556,28.6657,65,1863.27,21
54.563,48.5278,3,145.583,21
54.649,29.4759,1,29.4759,21
54.655,28.3679,83,2354.53,21
54.656,28.3679,83,2354.53,21
54.657,28.3679,83,2354.53,21
54.658,28.3679,83,2354.53,21
54.659,28.3679,83,2354.53,21
54.66,28.446,56,1592.97,21
54.665,48.5278,3,145.583,21
54.749,29.4759,1,29.4759,21
54.755,28.3679,83,2354.53,21
54.756,28.3679,83,2354.53,21
54.757,28.3679,83,2354.53,21
54.758,28.3679,83,2354.53,21
54.759,29.4759,1,29.4759,21
54.765,48.5278,3,145.583,21
54.849,29.4759,1,29.4759,21
54.855,28.3679,83,2354.53,21
54.856,28.0086,4,112.034,21
54.863,48.5278,3,145.583,21
54.949,29.4759,1,29.4759,21
54.955,28.3679,83,2354.53,21
54.956,28.3679,83,2354.53,21
54.957,28.3679,83,2354.53,21
54.958,28.6657,65,1863.27,21
54.967,48.5278,3,145.583,21
55.049,34.0376,1,34.0376,21
55.055,34.3262,8,274.61,21
55.061,54.2859,3,162.858,21
55.149,37.0328,1,37.0328,21
55.155,35.0563,32,1121.8,21
55.162,53.138,3,159.414,21
55.249,37.0328,1,37.0328,21
55.255,34.2633,99,3392.07,21
55.256,34.2633,99,3392.07,21
55.257,34.2633,99,3392.07,21
55.258,34.5353,83,2866.43,21
55.263,55.8333,3,167.5,21
55.349,37.0328,1,37.0328,21
55.355,34.2633,99,3392.07,21
55.356,34.2633,99,3392.07,21
55.357,34.7576,71,2467.79,21
55.364,55.8333,3,167.5,21
55.449,37.0328,1,37.0328,21
55.455,34.2633,99,3392.07,21
55.456,34.2633,99,3392.07,21
55.457,34.2633,99,3392.07,21
55.458,34.2633,99,3392.07,21
55.459,34.5287,75,2589.66,21
55.464,55.8333,3,167.5,21
55.549,37.0328,1,37.0328,21
55.555,34.2633,99,3392.07,21
55.556,34.2633,99,3392.07,21
55.557,34.2633,99,3392.07,21
55.558,34.4495,85,2928.21,21
55.566,55.8333,3,167.5,21
55.649,37.0328,1,37.0328,21
55.655,34.2633,99,3392.07,21
55.656,34.2633,99,3392.07,21
55.657,34.2633,99,3392.07,21
55.658,34.2633,99,3392.07,21
55.659,34.5287,75,2589.66,21
55.663,34.187,99,3384.52,21
55.671,55.8333,3,167.5,21
55.749,37.0328,1,37.0328,21
55.755,34.2633,99,3392.07,21
55.756,34.2633,99,3392.07,21
55.757,34.6447,23,796.828,21
55.762,34.187,99,3384.52,21
55.771,55.8333,3,167.5,21
55.849,37.0328,1,37.0328,21
55.855,34.769,47,1634.14,21
55.875,55.8333,3,167.5,21
55.949,37.0328,1,37.0328,21
55.955,34.2633,99,3392.07,21
55.956,34.2633,99,3392.07,21
55.957,34.8654,63,2196.52,21
55.963,55.8333,3,167.5,21
56.049,37.3092,1,37.3092,21
56.055,34.3778,95,3265.89,21
56.056,34.3778,95,3265.89,21
56.057,34.3778,95,3265.89,21
56.058,34.3778,95,3265.89,21
56.059,34.5157,91,3140.93,21
56.064,51.9124,3,155.737,21
56.149,37.3092,1,37.3092,21
56.155,34.5397,99,3419.43,21
56.156,34.5397,99,3419.43,21
56.157,34.7343,11,382.078,21
56.162,56.2711,3,168.813,21
56.249,37.3092,1,37.3092,21
56.255,34.5397,99,3419.43,21
56.256,34.5397,99,3419.43,21
56.257,34.5397,99,3419.43,21
56.258,35.07,40,1402.8,21
56.265,55.127,3,165.381,21
56.349,37.3092,1,37.3092,21
56.355,34.9498,48,1677.59,21
56.36,55.127,3,165.381,21
56.449,37.3092,1,37.3092,21
56.455,34.5397,99,3419.43,21
56.456,34.5397,99,3419.43,21
56.457,34.5397,99,3419.43,21
56.458,34.5397,99,3419.43,21
56.459,34.8051,75,2610.38,21
56.465,55.127,3,165.381,21
56.549,37.3092,1,37.3092,21
56.555,34.5397,99,3419.43,21
56.556,34.5397,99,3419.43,21
56.557,34.5397,99,3419.43,21
56.558,34.9336,69,2410.42,21
56.563,55.127,3,165.381,21
56.649,37.3092,1,37.3092,21
56.655,34.5397,99,3419.43,21
56.656,34.5397,99,3419.43,21
56.657,34.5397,99,3419.43,21
56.658,34.5397,99,3419.43,21
56.659,34.8051,75,2610.38,21
56.671,55.127,3,165.381,21
56.749,37.3092,1,37.3092,21
56.755,34.5397,99,3419.43,21
56.756,34.5397,99,3419.43,21
56.757,34.5397,99,3419.43,21
56.758,34.5397,99,3419.43,21
56.759,35.3297,38,1342.53,21
56.765,55.127,3,165.381,21
56.849,37.3092,1,37.3092,21
56.855,34.5397,99,3419.43,21
56.856,35.1548,62,2179.6,21
56.861,55.127,3,165.381,21
56.949,37.3092,1,37.3092,21
56.955,34.5397,99,3419.43,21
56.956,35.4488,34,1205.26,21
56.972,55.127,3,165.381,21
57.049,34.761,1,34.761,21
57.055,31.821,87,2768.43,21
57.056,31.821,87,2768.43,21
57.057,32.321,53,1713.02,21
57.062,32.0504,87,2788.38,21
57.067,48.4455,3,145.337,21
57.149,34.761,1,34.761,21
57.155,32.363,96,3106.85,21
57.156,31.9361,8,255.489,21
57.161,54.2972,3,162.892,21
57.249,34.761,1,34.761,21
57.255,32.363,96,3106.85,21
57.256,32.363,96,3106.85,21
57.257,32.363,96,3106.85,21
57.258,32.9151,23,757.046,21
57.263,51.1275,3,153.383,21
57.349,34.761,1,34.761,21
57.355,32.363,96,3106.85,21
57.356,32.363,96,3106.85,21
57.357,32.363,96,3106.85,21
57.358,32.363,96,3106.85,21
57.359,32.4947,87,2827.04,21
57.367,51.1275,3,153.383,21
57.449,34.761,1,34.761,21
57.455,32.4426,86,2790.07,21
57.465,51.1275,3,153.383,21
57.549,34.761,1,34.761,21
57.555,32.363,96,3106.85,21
57.556,32.363,96,3106.85,21
57.557,32.363,96,3106.85,21
57.558,32.363,96,3106.85,21
57.559,32.4947,87,2827.04,21
57.565,51.1275,3,153.383,21
57.649,34.761,1,34.761,21
57.655,32.363,96,3106.85,21
57.656,32.363,96,3106.85,21
57.657,32.363,96,3106.85,21
57.658,32.363,96,3106.85,21
57.659,32.4947,87,2827.04,21
57.661,31.9806,96,3070.14,21
57.67,51.1275,3,153.383,21
57.749,34.761,1,34.761,21
57.755,32.363,96,3106.85,21
57.756,32.363,96,3106.85,21
57.757,32.363,96,3106.85,21
57.758,32.363,96,3106.85,21
57.759,32.4947,87,2827.04,21
57.764,51.1275,3,153.383,21
57.849,34.761,1,34.761,21
57.855,32.5226,92,2992.08,21
57.861,51.1275,3,153.383,21
57.949,34.761,1,34.761,21
57.955,32.363,96,3106.85,21
57.956,32.363,96,3106.85,21
57.957,32.363,96,3106.85,21
57.958,32.363,96,3106.85,21
57.959,32.4947,87,2827.04,21
57.965,51.1275,3,153.383,21
58.049,27.0711,1,27.0711,21
58.055,24.039,86,2067.35,21
58.056,24.039,86,2067.35,21
58.057,24.039,86,2067.35,21
58.058,24.3498,50,1217.49,21
58.061,24.3201,86,2091.53,21
58.062,24.3201,86,2091.53,21
58.063,24.3201,86,2091.53,21
58.064,24.5367,50,1226.84,21
58.072,55.3801,3,166.14,21
58.149,27.0711,1,27.0711,21
58.155,25.5031,88,2244.27,21
58.156,25.5031,88,2244.27,21
58.157,25.5031,88,2244.27,21
58.158,25.5031,88,2244.27,21
58.159,25.6535,86,2206.2,21
58.167,63.9519,3,191.856,21
58.249,27.0711,1,27.0711,21
58.255,25.7533,83,2137.53,21
58.265,62.8724,3,188.617,21
58.349,27.0711,1,27.0711,21
58.355,25.5031,88,2244.27,21
58.356,25.5031,88,2244.27,21
58.357,25.5031,88,2244.27,21
58.358,22.9416,3,68.8249,21
58.374,62.8724,3,188.617,21
58.449,27.0711,1,27.0711,21
58.455,25.7116,66,1696.97,21
58.46,62.8724,3,188.617,21
58.549,27.0711,1,27.0711,21
58.555,25.5031,88,2244.27,21
58.556,25.6161,75,1921.21,21
58.563,62.8724,3,188.617,21
58.649,27.0711,1,27.0711,21
58.655,25.5031,88,2244.27,21
58.656,25.5031,88,2244.27,21
58.657,25.5031,88,2244.27,21
58.658,25.5031,88,2244.27,21
58.659,25.5031,88,2244.27,21
58.66,25.5031,88,2244.27,21
58.661,24.4551,12,293.462,21
58.662,24.4297,88,2149.81,21
58.666,24.4297,88,2149.81,21
58.668,24.4297,88,2149.81,21
58.673,62.8724,3,188.617,21
58.749,27.0711,1,27.0711,21
58.755,25.5031,88,2244.27,21
58.756,25.5736,2,51.1471,21
58.766,62.8724,3,188.617,21
58.849,27.0711,1,27.0711,21
58.855,25.5031,88,2244.27,21
58.856,25.5031,88,2244.27,21
58.857,25.7096,85,2185.32,21
58.862,24.4297,88,2149.81,21
58.871,62.8724,3,188.617,21
58.949,27.0711,1,27.0711,21
58.955,25.5031,88,2244.27,21
58.956,25.5031,88,2244.27,21
58.957,25.5031,88,2244.27,21
58.958,25.5031,88,2244.27,21
58.959,25.5031,88,2244.27,21
58.96,25.6409,20,512.819,21
58.967,62.8724,3,188.617,21
59.049,47.8981,1,47.8981,21
59.055,45.0193,99,4456.92,21
59.056,45.0193,99,4456.92,21
59.057,45.2018,47,2124.48,21
59.062,46.9586,3,140.876,21
59.149,47.8981,1,47.8981,21
59.155,44.9862,100,4498.62,21
59.156,44.9862,100,4498.62,21
59.157,44.9862,100,4498.62,21
59.158,44.9862,100,4498.62,21
59.159,45.2038,58,2621.82,21
59.169,48.5974,3,145.792,21
59.249,47.8981,1,47.8981,21
59.255,44.9862,100,4498.62,21
59.256,44.9862,100,4498.62,21
59.257,44.9862,100,4498.62,21
59.258,44.9862,100,4498.62,21
59.259,45.51,23,1046.73,21
59.268,54.1287,3,162.386,21
59.349,47.8981,1,47.8981,21
59.355,45.4613,40,1818.45,21
59.362,54.1287,3,162.386,21
59.449,47.8981,1,47.8981,21
59.455,44.9862,100,4498.62,21
59.456,44.9862,100,4498.62,21
59.457,44.9862,100,4498.62,21
59.458,45.2401,46,2081.04,21
59.463,54.1287,3,162.386,21
59.549,47.8981,1,47.8981,21
59.555,45.5045,22,1001.1,21
59.565,54.1287,3,162.386,21
59.649,47.8981,1,47.8981,21
59.655,44.9862,100,4498.62,21
59.656,44.9862,100,4498.62,21
59.657,44.9862,100,4498.62,21
59.658,45.2401,46,2081.04,21
59.663,54.1287,3,162.386,21
59.749,47.8981,1,47.8981,21
59.755,44.9862,100,4498.62,21
59.756,44.9862,100,4498.62,21
59.757,44.9862,100,4498.62,21
59.758,45.3701,71,3221.28,21
59.764,54.1287,3,162.386,21
59.849,47.8981,1,47.8981,21
59.855,44.9862,100,4498.62,21
59.856,44.9862,100,4498.62,21
59.857,44.9862,100,4498.62,21
59.858,45.299,10,452.99,21
59.866,54.1287,3,162.386,21
59.949,47.8981,1,47.8981,21
59.955,44.9862,100,4498.62,21
59.956,45.8149,31,1420.26,21
59.961,54.1287,3,162.386,21
